 0.00000000e+00  0.00000000e+00  0.00000000e+00  0.00000000e+00 
 2.00000000e-09  0.00000000e+00  2.00000000e-09  0.00000000e+00 
 4.00000000e-09  0.00000000e+00  4.00000000e-09  0.00000000e+00 
 8.00000000e-09  0.00000000e+00  8.00000000e-09  0.00000000e+00 
 1.60000000e-08  0.00000000e+00  1.60000000e-08  0.00000000e+00 
 3.20000000e-08  0.00000000e+00  3.20000000e-08  0.00000000e+00 
 6.40000000e-08  0.00000000e+00  6.40000000e-08  0.00000000e+00 
 1.28000000e-07  0.00000000e+00  1.28000000e-07  0.00000000e+00 
 2.56000000e-07  0.00000000e+00  2.56000000e-07  0.00000000e+00 
 4.56000000e-07  0.00000000e+00  4.56000000e-07  0.00000000e+00 
 6.56000000e-07  0.00000000e+00  6.56000000e-07  0.00000000e+00 
 8.56000000e-07  0.00000000e+00  8.56000000e-07  0.00000000e+00 
 1.05600000e-06  0.00000000e+00  1.05600000e-06  0.00000000e+00 
 1.25600000e-06  0.00000000e+00  1.25600000e-06  0.00000000e+00 
 1.45600000e-06  0.00000000e+00  1.45600000e-06  0.00000000e+00 
 1.65600000e-06  0.00000000e+00  1.65600000e-06  0.00000000e+00 
 1.85600000e-06  0.00000000e+00  1.85600000e-06  0.00000000e+00 
 2.05600000e-06  0.00000000e+00  2.05600000e-06  0.00000000e+00 
 2.25600000e-06  0.00000000e+00  2.25600000e-06  0.00000000e+00 
 2.45600000e-06  0.00000000e+00  2.45600000e-06  0.00000000e+00 
 2.65600000e-06  0.00000000e+00  2.65600000e-06  0.00000000e+00 
 2.85600000e-06  0.00000000e+00  2.85600000e-06  0.00000000e+00 
 3.05600000e-06  0.00000000e+00  3.05600000e-06  0.00000000e+00 
 3.25600000e-06  0.00000000e+00  3.25600000e-06  0.00000000e+00 
 3.45600000e-06  0.00000000e+00  3.45600000e-06  0.00000000e+00 
 3.65600000e-06  0.00000000e+00  3.65600000e-06  0.00000000e+00 
 3.85600000e-06  0.00000000e+00  3.85600000e-06  0.00000000e+00 
 4.05600000e-06  0.00000000e+00  4.05600000e-06  0.00000000e+00 
 4.25600000e-06  0.00000000e+00  4.25600000e-06  0.00000000e+00 
 4.45600000e-06  0.00000000e+00  4.45600000e-06  0.00000000e+00 
 4.65600000e-06  0.00000000e+00  4.65600000e-06  0.00000000e+00 
 4.85600000e-06  0.00000000e+00  4.85600000e-06  0.00000000e+00 
 5.05600000e-06  0.00000000e+00  5.05600000e-06  0.00000000e+00 
 5.25600000e-06  0.00000000e+00  5.25600000e-06  0.00000000e+00 
 5.45600000e-06  0.00000000e+00  5.45600000e-06  0.00000000e+00 
 5.65600000e-06  0.00000000e+00  5.65600000e-06  0.00000000e+00 
 5.85600000e-06  0.00000000e+00  5.85600000e-06  0.00000000e+00 
 6.05600000e-06  0.00000000e+00  6.05600000e-06  0.00000000e+00 
 6.25600000e-06  0.00000000e+00  6.25600000e-06  0.00000000e+00 
 6.45600000e-06  0.00000000e+00  6.45600000e-06  0.00000000e+00 
 6.65600000e-06  0.00000000e+00  6.65600000e-06  0.00000000e+00 
 6.85600000e-06  0.00000000e+00  6.85600000e-06  0.00000000e+00 
 7.05600000e-06  0.00000000e+00  7.05600000e-06  0.00000000e+00 
 7.25600000e-06  0.00000000e+00  7.25600000e-06  0.00000000e+00 
 7.45600000e-06  0.00000000e+00  7.45600000e-06  0.00000000e+00 
 7.65600000e-06  0.00000000e+00  7.65600000e-06  0.00000000e+00 
 7.85600000e-06  0.00000000e+00  7.85600000e-06  0.00000000e+00 
 8.05600000e-06  0.00000000e+00  8.05600000e-06  0.00000000e+00 
 8.25600000e-06  0.00000000e+00  8.25600000e-06  0.00000000e+00 
 8.45600000e-06  0.00000000e+00  8.45600000e-06  0.00000000e+00 
 8.65600000e-06  0.00000000e+00  8.65600000e-06  0.00000000e+00 
 8.85600000e-06  0.00000000e+00  8.85600000e-06  0.00000000e+00 
 9.05600000e-06  0.00000000e+00  9.05600000e-06  0.00000000e+00 
 9.25600000e-06  0.00000000e+00  9.25600000e-06  0.00000000e+00 
 9.45600000e-06  0.00000000e+00  9.45600000e-06  0.00000000e+00 
 9.65600000e-06  0.00000000e+00  9.65600000e-06  0.00000000e+00 
 9.82800000e-06  0.00000000e+00  9.82800000e-06  0.00000000e+00 
 1.00000000e-05  0.00000000e+00  1.00000000e-05  0.00000000e+00 
 1.00026880e-05  1.24598379e-06  1.00026880e-05  5.37600000e-03 
 1.00080640e-05  9.66511596e-06  1.00080640e-05  1.61280000e-02 
 1.00166690e-05  7.33013260e-05  1.00166690e-05  3.33379928e-02 
 1.00244518e-05  2.26149477e-04  1.00244518e-05  4.89035901e-02 
 1.00371355e-05  8.05886958e-04  1.00371355e-05  7.42710682e-02 
 1.00543986e-05  2.55702210e-03  1.00543986e-05  1.08797273e-01 
 1.00826706e-05  8.95249717e-03  1.00826706e-05  1.65341126e-01 
 1.01246389e-05  2.96536320e-02  1.01246389e-05  2.49277705e-01 
 1.01945805e-05  1.02807233e-01  1.01945805e-05  3.89161062e-01 
 1.03179820e-05  3.54096835e-01  1.03179820e-05  6.35963990e-01 
 1.04782269e-05  8.27660415e-01  1.04782269e-05  9.56453831e-01 
 1.06782269e-05  1.39255176e+00  1.06782269e-05  1.35645383e+00 
 1.08391135e-05  1.69878165e+00  1.08391135e-05  1.67822692e+00 
 1.10000000e-05  1.90883200e+00  1.10000000e-05  2.00000000e+00 
 1.10200000e-05  1.93287802e+00  1.10200000e-05  2.00000000e+00 
 1.10600000e-05  1.98056658e+00  1.10600000e-05  2.00000000e+00 
 1.11400000e-05  2.06367411e+00  1.11400000e-05  2.00000000e+00 
 1.13000000e-05  2.12964607e+00  1.13000000e-05  2.00000000e+00 
 1.15000000e-05  2.04436713e+00  1.15000000e-05  2.00000000e+00 
 1.17000000e-05  1.92888496e+00  1.17000000e-05  2.00000000e+00 
 1.19000000e-05  1.92895716e+00  1.19000000e-05  2.00000000e+00 
 1.21000000e-05  2.01391800e+00  1.21000000e-05  2.00000000e+00 
 1.23000000e-05  2.05973132e+00  1.23000000e-05  2.00000000e+00 
 1.25000000e-05  2.02198662e+00  1.25000000e-05  2.00000000e+00 
 1.27000000e-05  1.96792025e+00  1.27000000e-05  2.00000000e+00 
 1.29000000e-05  1.96648856e+00  1.29000000e-05  2.00000000e+00 
 1.31000000e-05  2.00547415e+00  1.31000000e-05  2.00000000e+00 
 1.33000000e-05  2.02757363e+00  1.33000000e-05  2.00000000e+00 
 1.35000000e-05  2.01083535e+00  1.35000000e-05  2.00000000e+00 
 1.37000000e-05  1.98554798e+00  1.37000000e-05  2.00000000e+00 
 1.39000000e-05  1.98420515e+00  1.39000000e-05  2.00000000e+00 
 1.41000000e-05  2.00207579e+00  1.41000000e-05  2.00000000e+00 
 1.43000000e-05  2.01271073e+00  1.43000000e-05  2.00000000e+00 
 1.45000000e-05  2.00531067e+00  1.45000000e-05  2.00000000e+00 
 1.47000000e-05  1.99349505e+00  1.47000000e-05  2.00000000e+00 
 1.49000000e-05  1.99255816e+00  1.49000000e-05  2.00000000e+00 
 1.51000000e-05  2.00074112e+00  1.51000000e-05  2.00000000e+00 
 1.53000000e-05  2.00584775e+00  1.53000000e-05  2.00000000e+00 
 1.55000000e-05  2.00258706e+00  1.55000000e-05  2.00000000e+00 
 1.57000000e-05  1.99707156e+00  1.57000000e-05  2.00000000e+00 
 1.59000000e-05  1.99649175e+00  1.59000000e-05  2.00000000e+00 
 1.61000000e-05  2.00023470e+00  1.61000000e-05  2.00000000e+00 
 1.63000000e-05  2.00268167e+00  1.63000000e-05  2.00000000e+00 
 1.65000000e-05  2.00125029e+00  1.65000000e-05  2.00000000e+00 
 1.67000000e-05  1.99867808e+00  1.67000000e-05  2.00000000e+00 
 1.69000000e-05  1.99834210e+00  1.69000000e-05  2.00000000e+00 
 1.71000000e-05  2.00005218e+00  1.71000000e-05  2.00000000e+00 
 1.73000000e-05  2.00122250e+00  1.73000000e-05  2.00000000e+00 
 1.75000000e-05  2.00059672e+00  1.75000000e-05  2.00000000e+00 
 1.77000000e-05  1.99939832e+00  1.77000000e-05  2.00000000e+00 
 1.79000000e-05  1.99921149e+00  1.79000000e-05  2.00000000e+00 
 1.81000000e-05  1.99999194e+00  1.81000000e-05  2.00000000e+00 
 1.83000000e-05  2.00055061e+00  1.83000000e-05  2.00000000e+00 
 1.85000000e-05  2.00027834e+00  1.85000000e-05  2.00000000e+00 
 1.87000000e-05  1.99972048e+00  1.87000000e-05  2.00000000e+00 
 1.89000000e-05  1.99961958e+00  1.89000000e-05  2.00000000e+00 
 1.91000000e-05  1.99997530e+00  1.91000000e-05  2.00000000e+00 
 1.93000000e-05  2.00024157e+00  1.93000000e-05  2.00000000e+00 
 1.95000000e-05  2.00012370e+00  1.95000000e-05  2.00000000e+00 
 1.97000000e-05  1.99986430e+00  1.97000000e-05  2.00000000e+00 
 1.99000000e-05  1.99981090e+00  1.99000000e-05  2.00000000e+00 
 2.01000000e-05  1.99997286e+00  2.01000000e-05  2.00000000e+00 
 2.03000000e-05  2.00009954e+00  2.03000000e-05  2.00000000e+00 
 2.05000000e-05  2.00004885e+00  2.05000000e-05  2.00000000e+00 
 2.07000000e-05  1.99992830e+00  2.07000000e-05  2.00000000e+00 
 2.09000000e-05  1.99990053e+00  2.09000000e-05  2.00000000e+00 
 2.11000000e-05  1.99997415e+00  2.11000000e-05  2.00000000e+00 
 2.13000000e-05  2.00003435e+00  2.13000000e-05  2.00000000e+00 
 2.15000000e-05  2.00001268e+00  2.15000000e-05  2.00000000e+00 
 2.17000000e-05  1.99995674e+00  2.17000000e-05  2.00000000e+00 
 2.19000000e-05  1.99994245e+00  2.19000000e-05  2.00000000e+00 
 2.21000000e-05  1.99997590e+00  2.21000000e-05  2.00000000e+00 
 2.23000000e-05  2.00000444e+00  2.23000000e-05  2.00000000e+00 
 2.25000000e-05  1.99999527e+00  2.25000000e-05  2.00000000e+00 
 2.27000000e-05  1.99996932e+00  2.27000000e-05  2.00000000e+00 
 2.29000000e-05  1.99996206e+00  2.29000000e-05  2.00000000e+00 
 2.31000000e-05  1.99997722e+00  2.31000000e-05  2.00000000e+00 
 2.33000000e-05  1.99999075e+00  2.33000000e-05  2.00000000e+00 
 2.35000000e-05  1.99998689e+00  2.35000000e-05  2.00000000e+00 
 2.37000000e-05  1.99997488e+00  2.37000000e-05  2.00000000e+00 
 2.39000000e-05  1.99997121e+00  2.39000000e-05  2.00000000e+00 
 2.41000000e-05  1.99997808e+00  2.41000000e-05  2.00000000e+00 
 2.43000000e-05  1.99998447e+00  2.43000000e-05  2.00000000e+00 
 2.45000000e-05  1.99998288e+00  2.45000000e-05  2.00000000e+00 
 2.47000000e-05  1.99997731e+00  2.47000000e-05  2.00000000e+00 
 2.49000000e-05  1.99997549e+00  2.49000000e-05  2.00000000e+00 
 2.51000000e-05  1.99997858e+00  2.51000000e-05  2.00000000e+00 
 2.53000000e-05  1.99998161e+00  2.53000000e-05  2.00000000e+00 
 2.55000000e-05  1.99998096e+00  2.55000000e-05  2.00000000e+00 
 2.57000000e-05  1.99997839e+00  2.57000000e-05  2.00000000e+00 
 2.59000000e-05  1.99997747e+00  2.59000000e-05  2.00000000e+00 
 2.61000000e-05  1.99997888e+00  2.61000000e-05  2.00000000e+00 
 2.63000000e-05  1.99998030e+00  2.63000000e-05  2.00000000e+00 
 2.65000000e-05  1.99998004e+00  2.65000000e-05  2.00000000e+00 
 2.67000000e-05  1.99997885e+00  2.67000000e-05  2.00000000e+00 
 2.69000000e-05  1.99997840e+00  2.69000000e-05  2.00000000e+00 
 2.71000000e-05  1.99997903e+00  2.71000000e-05  2.00000000e+00 
 2.73000000e-05  1.99997971e+00  2.73000000e-05  2.00000000e+00 
 2.75000000e-05  1.99997960e+00  2.75000000e-05  2.00000000e+00 
 2.77000000e-05  1.99997906e+00  2.77000000e-05  2.00000000e+00 
 2.79000000e-05  1.99997883e+00  2.79000000e-05  2.00000000e+00 
 2.81000000e-05  1.99997912e+00  2.81000000e-05  2.00000000e+00 
 2.83000000e-05  1.99997943e+00  2.83000000e-05  2.00000000e+00 
 2.85000000e-05  1.99997940e+00  2.85000000e-05  2.00000000e+00 
 2.87000000e-05  1.99997914e+00  2.87000000e-05  2.00000000e+00 
 2.89000000e-05  1.99997903e+00  2.89000000e-05  2.00000000e+00 
 2.91000000e-05  1.99997916e+00  2.91000000e-05  2.00000000e+00 
 2.93000000e-05  1.99997931e+00  2.93000000e-05  2.00000000e+00 
 2.95000000e-05  1.99997929e+00  2.95000000e-05  2.00000000e+00 
 2.97000000e-05  1.99997918e+00  2.97000000e-05  2.00000000e+00 
 2.99000000e-05  1.99997913e+00  2.99000000e-05  2.00000000e+00 
 3.01000000e-05  1.99997918e+00  3.01000000e-05  2.00000000e+00 
 3.03000000e-05  1.99997925e+00  3.03000000e-05  2.00000000e+00 
 3.05000000e-05  1.99997925e+00  3.05000000e-05  2.00000000e+00 
 3.07000000e-05  1.99997919e+00  3.07000000e-05  2.00000000e+00 
 3.09000000e-05  1.99997917e+00  3.09000000e-05  2.00000000e+00 
 3.11000000e-05  1.99997919e+00  3.11000000e-05  2.00000000e+00 
 3.13000000e-05  1.99997923e+00  3.13000000e-05  2.00000000e+00 
 3.15000000e-05  1.99997923e+00  3.15000000e-05  2.00000000e+00 
 3.17000000e-05  1.99997920e+00  3.17000000e-05  2.00000000e+00 
 3.19000000e-05  1.99997919e+00  3.19000000e-05  2.00000000e+00 
 3.21000000e-05  1.99997920e+00  3.21000000e-05  2.00000000e+00 
 3.23000000e-05  1.99997922e+00  3.23000000e-05  2.00000000e+00 
 3.25000000e-05  1.99997922e+00  3.25000000e-05  2.00000000e+00 
 3.27000000e-05  1.99997920e+00  3.27000000e-05  2.00000000e+00 
 3.29000000e-05  1.99997920e+00  3.29000000e-05  2.00000000e+00 
 3.31000000e-05  1.99997920e+00  3.31000000e-05  2.00000000e+00 
 3.33000000e-05  1.99997921e+00  3.33000000e-05  2.00000000e+00 
 3.35000000e-05  1.99997921e+00  3.35000000e-05  2.00000000e+00 
 3.37000000e-05  1.99997921e+00  3.37000000e-05  2.00000000e+00 
 3.39000000e-05  1.99997920e+00  3.39000000e-05  2.00000000e+00 
 3.41000000e-05  1.99997921e+00  3.41000000e-05  2.00000000e+00 
 3.43000000e-05  1.99997921e+00  3.43000000e-05  2.00000000e+00 
 3.45000000e-05  1.99997921e+00  3.45000000e-05  2.00000000e+00 
 3.47000000e-05  1.99997921e+00  3.47000000e-05  2.00000000e+00 
 3.49000000e-05  1.99997921e+00  3.49000000e-05  2.00000000e+00 
 3.51000000e-05  1.99997921e+00  3.51000000e-05  2.00000000e+00 
 3.53000000e-05  1.99997921e+00  3.53000000e-05  2.00000000e+00 
 3.55000000e-05  1.99997921e+00  3.55000000e-05  2.00000000e+00 
 3.57000000e-05  1.99997921e+00  3.57000000e-05  2.00000000e+00 
 3.59000000e-05  1.99997921e+00  3.59000000e-05  2.00000000e+00 
 3.61000000e-05  1.99997921e+00  3.61000000e-05  2.00000000e+00 
 3.63000000e-05  1.99997921e+00  3.63000000e-05  2.00000000e+00 
 3.65000000e-05  1.99997921e+00  3.65000000e-05  2.00000000e+00 
 3.67000000e-05  1.99997921e+00  3.67000000e-05  2.00000000e+00 
 3.69000000e-05  1.99997921e+00  3.69000000e-05  2.00000000e+00 
 3.71000000e-05  1.99997921e+00  3.71000000e-05  2.00000000e+00 
 3.73000000e-05  1.99997921e+00  3.73000000e-05  2.00000000e+00 
 3.75000000e-05  1.99997921e+00  3.75000000e-05  2.00000000e+00 
 3.77000000e-05  1.99997921e+00  3.77000000e-05  2.00000000e+00 
 3.79000000e-05  1.99997921e+00  3.79000000e-05  2.00000000e+00 
 3.81000000e-05  1.99997921e+00  3.81000000e-05  2.00000000e+00 
 3.83000000e-05  1.99997921e+00  3.83000000e-05  2.00000000e+00 
 3.85000000e-05  1.99997921e+00  3.85000000e-05  2.00000000e+00 
 3.87000000e-05  1.99997921e+00  3.87000000e-05  2.00000000e+00 
 3.89000000e-05  1.99997921e+00  3.89000000e-05  2.00000000e+00 
 3.91000000e-05  1.99997921e+00  3.91000000e-05  2.00000000e+00 
 3.93000000e-05  1.99997921e+00  3.93000000e-05  2.00000000e+00 
 3.95000000e-05  1.99997921e+00  3.95000000e-05  2.00000000e+00 
 3.97000000e-05  1.99997921e+00  3.97000000e-05  2.00000000e+00 
 3.99000000e-05  1.99997921e+00  3.99000000e-05  2.00000000e+00 
 4.01000000e-05  1.99997921e+00  4.01000000e-05  2.00000000e+00 
 4.03000000e-05  1.99997921e+00  4.03000000e-05  2.00000000e+00 
 4.05000000e-05  1.99997921e+00  4.05000000e-05  2.00000000e+00 
 4.07000000e-05  1.99997921e+00  4.07000000e-05  2.00000000e+00 
 4.09000000e-05  1.99997921e+00  4.09000000e-05  2.00000000e+00 
 4.11000000e-05  1.99997921e+00  4.11000000e-05  2.00000000e+00 
 4.13000000e-05  1.99997921e+00  4.13000000e-05  2.00000000e+00 
 4.15000000e-05  1.99997921e+00  4.15000000e-05  2.00000000e+00 
 4.17000000e-05  1.99997921e+00  4.17000000e-05  2.00000000e+00 
 4.19000000e-05  1.99997921e+00  4.19000000e-05  2.00000000e+00 
 4.21000000e-05  1.99997921e+00  4.21000000e-05  2.00000000e+00 
 4.23000000e-05  1.99997921e+00  4.23000000e-05  2.00000000e+00 
 4.25000000e-05  1.99997921e+00  4.25000000e-05  2.00000000e+00 
 4.27000000e-05  1.99997921e+00  4.27000000e-05  2.00000000e+00 
 4.29000000e-05  1.99997921e+00  4.29000000e-05  2.00000000e+00 
 4.31000000e-05  1.99997921e+00  4.31000000e-05  2.00000000e+00 
 4.33000000e-05  1.99997921e+00  4.33000000e-05  2.00000000e+00 
 4.35000000e-05  1.99997921e+00  4.35000000e-05  2.00000000e+00 
 4.37000000e-05  1.99997921e+00  4.37000000e-05  2.00000000e+00 
 4.39000000e-05  1.99997921e+00  4.39000000e-05  2.00000000e+00 
 4.41000000e-05  1.99997921e+00  4.41000000e-05  2.00000000e+00 
 4.43000000e-05  1.99997921e+00  4.43000000e-05  2.00000000e+00 
 4.45000000e-05  1.99997921e+00  4.45000000e-05  2.00000000e+00 
 4.47000000e-05  1.99997921e+00  4.47000000e-05  2.00000000e+00 
 4.49000000e-05  1.99997921e+00  4.49000000e-05  2.00000000e+00 
 4.51000000e-05  1.99997921e+00  4.51000000e-05  2.00000000e+00 
 4.53000000e-05  1.99997921e+00  4.53000000e-05  2.00000000e+00 
 4.55000000e-05  1.99997921e+00  4.55000000e-05  2.00000000e+00 
 4.57000000e-05  1.99997921e+00  4.57000000e-05  2.00000000e+00 
 4.59000000e-05  1.99997921e+00  4.59000000e-05  2.00000000e+00 
 4.61000000e-05  1.99997921e+00  4.61000000e-05  2.00000000e+00 
 4.63000000e-05  1.99997921e+00  4.63000000e-05  2.00000000e+00 
 4.65000000e-05  1.99997921e+00  4.65000000e-05  2.00000000e+00 
 4.67000000e-05  1.99997921e+00  4.67000000e-05  2.00000000e+00 
 4.69000000e-05  1.99997921e+00  4.69000000e-05  2.00000000e+00 
 4.71000000e-05  1.99997921e+00  4.71000000e-05  2.00000000e+00 
 4.73000000e-05  1.99997921e+00  4.73000000e-05  2.00000000e+00 
 4.75000000e-05  1.99997921e+00  4.75000000e-05  2.00000000e+00 
 4.77000000e-05  1.99997921e+00  4.77000000e-05  2.00000000e+00 
 4.79000000e-05  1.99997921e+00  4.79000000e-05  2.00000000e+00 
 4.81000000e-05  1.99997921e+00  4.81000000e-05  2.00000000e+00 
 4.83000000e-05  1.99997921e+00  4.83000000e-05  2.00000000e+00 
 4.85000000e-05  1.99997921e+00  4.85000000e-05  2.00000000e+00 
 4.87000000e-05  1.99997921e+00  4.87000000e-05  2.00000000e+00 
 4.89000000e-05  1.99997921e+00  4.89000000e-05  2.00000000e+00 
 4.91000000e-05  1.99997921e+00  4.91000000e-05  2.00000000e+00 
 4.93000000e-05  1.99997921e+00  4.93000000e-05  2.00000000e+00 
 4.95000000e-05  1.99997921e+00  4.95000000e-05  2.00000000e+00 
 4.97000000e-05  1.99997921e+00  4.97000000e-05  2.00000000e+00 
 4.99000000e-05  1.99997921e+00  4.99000000e-05  2.00000000e+00 
 5.01000000e-05  1.99997921e+00  5.01000000e-05  2.00000000e+00 
 5.03000000e-05  1.99997921e+00  5.03000000e-05  2.00000000e+00 
 5.05000000e-05  1.99997921e+00  5.05000000e-05  2.00000000e+00 
 5.07000000e-05  1.99997921e+00  5.07000000e-05  2.00000000e+00 
 5.08500000e-05  2.00006214e+00  5.08500000e-05  2.00000000e+00 
 5.10000000e-05  2.00014163e+00  5.10000000e-05  2.00000000e+00 
 5.10200000e-05  1.99928949e+00  5.10200000e-05  1.96000000e+00 
 5.10600000e-05  1.99470235e+00  5.10600000e-05  1.88000000e+00 
 5.11400000e-05  1.95468203e+00  5.11400000e-05  1.72000000e+00 
 5.13000000e-05  1.69630494e+00  5.13000000e-05  1.40000000e+00 
 5.14580292e-05  1.24793854e+00  5.14580292e-05  1.08394155e+00 
 5.16002977e-05  8.11569721e-01  5.16002977e-05  7.99404533e-01 
 5.17326547e-05  4.89786971e-01  5.17326547e-05  5.34690557e-01 
 5.18122755e-05  3.50845209e-01  5.18122755e-05  3.75448956e-01 
 5.19061378e-05  2.23176456e-01  5.19061378e-05  1.87724478e-01 
 5.19530689e-05  1.66290952e-01  5.19530689e-05  9.38622389e-02 
 5.20000000e-05  1.07796379e-01  5.20000000e-05  0.00000000e+00 
 5.20093862e-05  9.55558460e-02  5.20093862e-05  0.00000000e+00 
 5.20281587e-05  7.08461453e-02  5.20281587e-05  0.00000000e+00 
 5.20657036e-05  2.14246179e-02  5.20657036e-05  0.00000000e+00 
 5.21407934e-05 -6.56188532e-02  5.21407934e-05  0.00000000e+00 
 5.22423386e-05 -1.33620220e-01  5.22423386e-05  0.00000000e+00 
 5.23456603e-05 -1.30490912e-01  5.23456603e-05  0.00000000e+00 
 5.24514907e-05 -6.81551091e-02  5.24514907e-05  0.00000000e+00 
 5.25554974e-05  1.24216222e-02  5.25554974e-05  0.00000000e+00 
 5.26635115e-05  7.33771569e-02  5.26635115e-05  0.00000000e+00 
 5.27672807e-05  8.74749871e-02  5.27672807e-05  0.00000000e+00 
 5.28722929e-05  5.92139552e-02  5.28722929e-05  0.00000000e+00 
 5.29772988e-05  9.33822796e-03  5.29772988e-05  0.00000000e+00 
 5.30824513e-05 -3.52353422e-02  5.30824513e-05  0.00000000e+00 
 5.31876659e-05 -5.50604613e-02  5.31876659e-05  0.00000000e+00 
 5.32935749e-05 -4.56676728e-02  5.32935749e-05  0.00000000e+00 
 5.34003289e-05 -1.66695497e-02  5.34003289e-05  0.00000000e+00 
 5.35041054e-05  1.38079280e-02  5.35041054e-05  0.00000000e+00 
 5.36110883e-05  3.25504204e-02  5.36110883e-05  0.00000000e+00 
 5.37213937e-05  3.20343342e-02  5.37213937e-05  0.00000000e+00 
 5.38297072e-05  1.60485236e-02  5.38297072e-05  0.00000000e+00 
 5.39345673e-05 -3.96065469e-03  5.39345673e-05  0.00000000e+00 
 5.40436567e-05 -1.86470434e-02  5.40436567e-05  0.00000000e+00 
 5.41471501e-05 -2.14722777e-02  5.41471501e-05  0.00000000e+00 
 5.42519431e-05 -1.40574610e-02  5.42519431e-05  0.00000000e+00 
 5.43566579e-05 -1.67301316e-03  5.43566579e-05  0.00000000e+00 
 5.44616829e-05  9.11336889e-03  5.44616829e-05  0.00000000e+00 
 5.45666516e-05  1.36478220e-02  5.45666516e-05  0.00000000e+00 
 5.46722841e-05  1.10401648e-02  5.46722841e-05  0.00000000e+00 
 5.47787791e-05  3.78093860e-03  5.47787791e-05  0.00000000e+00 
 5.48838943e-05 -3.75593382e-03  5.48838943e-05  0.00000000e+00 
 5.49906049e-05 -8.15051671e-03  5.49906049e-05  0.00000000e+00 
 5.51033083e-05 -7.73695341e-03  5.51033083e-05  0.00000000e+00 
 5.52111878e-05 -3.63080097e-03  5.52111878e-05  0.00000000e+00 
 5.53161237e-05  1.28871240e-03  5.53161237e-05  0.00000000e+00 
 5.54247264e-05  4.73717941e-03  5.54247264e-05  0.00000000e+00 
 5.55280314e-05  5.25193930e-03  5.55280314e-05  0.00000000e+00 
 5.56325741e-05  3.30354897e-03  5.56325741e-05  0.00000000e+00 
 5.57370090e-05  2.33588597e-04  5.57370090e-05  0.00000000e+00 
 5.58525477e-05 -2.53498974e-03  5.58525477e-05  0.00000000e+00 
 5.59573148e-05 -3.38436387e-03  5.59573148e-05  0.00000000e+00 
 5.60626574e-05 -2.52139148e-03  5.60626574e-05  0.00000000e+00 
 5.61686302e-05 -6.55592179e-04  5.61686302e-05  0.00000000e+00 
 5.62795131e-05  1.21462696e-03  5.62795131e-05  0.00000000e+00 
 5.63853838e-05  2.08880912e-03  5.63853838e-05  0.00000000e+00 
 5.64920930e-05  1.82044464e-03  5.64920930e-05  0.00000000e+00 
 5.65996519e-05  7.40841688e-04  5.65996519e-05  0.00000000e+00 
 5.67030970e-05 -4.41780671e-04  5.67030970e-05  0.00000000e+00 
 5.68108650e-05 -1.21877193e-03  5.68108650e-05  0.00000000e+00 
 5.69175562e-05 -1.26364831e-03  5.69175562e-05  0.00000000e+00 
 5.70288795e-05 -6.77077497e-04  5.70288795e-05  0.00000000e+00 
 5.71335145e-05  9.03522432e-05  5.71335145e-05  0.00000000e+00 
 5.72438272e-05  6.88480457e-04  5.72438272e-05  0.00000000e+00 
 5.73475413e-05  8.29819657e-04  5.73475413e-05  0.00000000e+00 
 5.74519037e-05  5.70113141e-04  5.74519037e-05  0.00000000e+00 
 5.75566635e-05  1.00729497e-04  5.75566635e-05  0.00000000e+00 
 5.76735358e-05 -3.58228251e-04  5.76735358e-05  0.00000000e+00 
 5.77787217e-05 -5.24663410e-04  5.77787217e-05  0.00000000e+00 
 5.78847162e-05 -4.16850725e-04  5.78847162e-05  0.00000000e+00 
 5.79914387e-05 -1.34518048e-04  5.79914387e-05  0.00000000e+00 
 5.80973933e-05  1.54271398e-04  5.80973933e-05  0.00000000e+00 
 5.82039684e-05  3.15873325e-04  5.82039684e-05  0.00000000e+00 
 5.83184307e-05  2.91357803e-04  5.83184307e-05  0.00000000e+00 
 5.84260223e-05  1.29382009e-04  5.84260223e-05  0.00000000e+00 
 5.85309856e-05 -5.86013385e-05  5.85309856e-05  0.00000000e+00 
 5.86393862e-05 -1.85835652e-04  5.86393862e-05  0.00000000e+00 
 5.87438446e-05 -1.99721695e-04  5.87438446e-05  0.00000000e+00 
 5.88472355e-05 -1.21361463e-04  5.88472355e-05  0.00000000e+00 
 5.89506770e-05 -3.80088226e-06  5.89506770e-05  0.00000000e+00 
 5.90624510e-05  9.81502874e-05  5.90624510e-05  0.00000000e+00 
 5.91668479e-05  1.30010090e-04  5.91668479e-05  0.00000000e+00 
 5.92722918e-05  9.63573760e-05  5.92722918e-05  0.00000000e+00 
 5.93780919e-05  2.45799384e-05  5.93780919e-05  0.00000000e+00 
 5.94887621e-05 -4.70175317e-05  5.94887621e-05  0.00000000e+00 
 5.95944534e-05 -8.03485749e-05  5.95944534e-05  0.00000000e+00 
 5.96991290e-05 -7.03181962e-05  5.96991290e-05  0.00000000e+00 
 5.98064081e-05 -2.91635716e-05  5.98064081e-05  0.00000000e+00 
 5.99111407e-05  1.68554873e-05  5.99111407e-05  0.00000000e+00 
 6.00187221e-05  4.67655071e-05  6.00187221e-05  0.00000000e+00 
 6.01255205e-05  4.86159733e-05  6.01255205e-05  0.00000000e+00 
 6.02370635e-05  2.60945453e-05  6.02370635e-05  0.00000000e+00 
 6.03396034e-05 -2.89111857e-06  6.03396034e-05  0.00000000e+00 
 6.04503301e-05 -2.62135425e-05  6.04503301e-05  0.00000000e+00 
 6.05537704e-05 -3.19456838e-05  6.05537704e-05  0.00000000e+00 
 6.06588121e-05 -2.21300720e-05  6.06588121e-05  0.00000000e+00 
 6.07638587e-05 -4.08377871e-06  6.07638587e-05  0.00000000e+00 
 6.08788863e-05  1.34450627e-05  6.08788863e-05  0.00000000e+00 
 6.09840940e-05  2.01420445e-05  6.09840940e-05  0.00000000e+00 
 6.10901356e-05  1.62456996e-05  6.10901356e-05  0.00000000e+00 
 6.11969650e-05  5.47042208e-06  6.11969650e-05  0.00000000e+00 
 6.13078045e-05 -6.10295184e-06  6.13078045e-05  0.00000000e+00 
 6.14143859e-05 -1.22074313e-05  6.14143859e-05  0.00000000e+00 
 6.15300639e-05 -1.10999943e-05  6.15300639e-05  0.00000000e+00 
 6.16378282e-05 -4.76411563e-06  6.16378282e-05  0.00000000e+00 
 6.17428527e-05  2.44964011e-06  6.17428527e-05  0.00000000e+00 
 6.18511687e-05  7.23054072e-06  6.18511687e-05  0.00000000e+00 
 6.19567390e-05  7.62448614e-06  6.19567390e-05  0.00000000e+00 
 6.20696714e-05  4.15277523e-06  6.20696714e-05  0.00000000e+00 
 6.21742461e-05 -4.40510239e-07  6.21742461e-05  0.00000000e+00 
 6.22855338e-05 -4.09046179e-06  6.22855338e-05  0.00000000e+00 
 6.23892801e-05 -4.97704285e-06  6.23892801e-05  0.00000000e+00 
 6.24943768e-05 -3.43503126e-06  6.24943768e-05  0.00000000e+00 
 6.25994713e-05 -6.17579157e-07  6.25994713e-05  0.00000000e+00 
 6.27049626e-05  1.94594530e-06  6.27049626e-05  0.00000000e+00 
 6.28105301e-05  3.11655428e-06  6.28105301e-05  0.00000000e+00 
 6.29166369e-05  2.61752830e-06  6.29166369e-05  0.00000000e+00 
 6.30235809e-05  9.84024312e-07  6.30235809e-05  0.00000000e+00 
 6.31315815e-05 -8.08171265e-07  6.31315815e-05  0.00000000e+00 
 6.32386896e-05 -1.85635526e-06  6.32386896e-05  0.00000000e+00 
 6.33500762e-05 -1.80304130e-06  6.33500762e-05  0.00000000e+00 
 6.34585659e-05 -8.79557731e-07  6.34585659e-05  0.00000000e+00 
 6.35634964e-05  2.54086658e-07  6.35634964e-05  0.00000000e+00 
 6.36732381e-05  1.07438457e-06  6.36732381e-05  0.00000000e+00 
 6.37770518e-05  1.21227285e-06  6.37770518e-05  0.00000000e+00 
 6.38817695e-05  7.74773437e-07  6.38817695e-05  0.00000000e+00 
 6.39863771e-05  6.96005783e-08  6.39863771e-05  0.00000000e+00 
 6.40966086e-05 -5.53670918e-07  6.40966086e-05  0.00000000e+00 
 6.42152352e-05 -7.77979003e-07  6.42152352e-05  0.00000000e+00 
 6.43237212e-05 -5.52525127e-07  6.43237212e-05  0.00000000e+00 
 6.44327583e-05 -1.02436882e-07  6.44327583e-05  0.00000000e+00 
 6.45497247e-05  3.29198008e-07  6.45497247e-05  0.00000000e+00 
 6.46951468e-05  4.88080640e-07  6.46951468e-05  0.00000000e+00 
 6.48091690e-05  3.02973316e-07  6.48091690e-05  0.00000000e+00 
 6.49237335e-05 -4.34556316e-09  6.49237335e-05  0.00000000e+00 
 6.50427128e-05 -2.52384037e-07  6.50427128e-05  0.00000000e+00 
 6.51554529e-05 -3.08558625e-07  6.51554529e-05  0.00000000e+00 
 6.52622094e-05 -2.02722974e-07  6.52622094e-05  0.00000000e+00 
 6.53689820e-05 -2.21306077e-08  6.53689820e-05  0.00000000e+00 
 6.54926051e-05  1.49572208e-07  6.54926051e-05  0.00000000e+00 
 6.56082746e-05  1.96236305e-07  6.56082746e-05  0.00000000e+00 
 6.57160991e-05  1.34363844e-07  6.57160991e-05  0.00000000e+00 
 6.58241295e-05  2.02224843e-08  6.58241295e-05  0.00000000e+00 
 6.59440708e-05 -8.87255715e-08  6.59440708e-05  0.00000000e+00 
 6.60636675e-05 -1.24253485e-07  6.60636675e-05  0.00000000e+00 
 6.61724920e-05 -8.74235832e-08  6.61724920e-05  0.00000000e+00 
 6.62817839e-05 -1.51207276e-08  6.62817839e-05  0.00000000e+00 
 6.63990904e-05  5.34869753e-08  6.63990904e-05  0.00000000e+00 
 6.65213781e-05  7.85383705e-08  6.65213781e-05  0.00000000e+00 
 6.66309071e-05  5.61505711e-08  6.66309071e-05  0.00000000e+00 
 6.67410998e-05  1.04361610e-08  6.67410998e-05  0.00000000e+00 
 6.68568292e-05 -3.28248478e-08  6.68568292e-05  0.00000000e+00 
 6.69807830e-05 -4.95982829e-08  6.69807830e-05  0.00000000e+00 
 6.70907082e-05 -3.58238563e-08  6.70907082e-05  0.00000000e+00 
 6.72014346e-05 -6.89349027e-09  6.72014346e-05  0.00000000e+00 
 6.73163035e-05  2.03879396e-08  6.73163035e-05  0.00000000e+00 
 6.74412928e-05  3.13618379e-08  6.74412928e-05  0.00000000e+00 
 6.75514908e-05  2.27175935e-08  6.75514908e-05  0.00000000e+00 
 6.76625480e-05  4.42482597e-09  6.76625480e-05  0.00000000e+00 
 6.77769291e-05 -1.27977696e-08  6.77769291e-05  0.00000000e+00 
 6.79022580e-05 -1.98110123e-08  6.79022580e-05  0.00000000e+00 
 6.80125435e-05 -1.44004614e-08  6.80125435e-05  0.00000000e+00 
 6.81237129e-05 -2.81836720e-09  6.81237129e-05  0.00000000e+00 
 6.82378795e-05  8.04690695e-09  6.82378795e-05  0.00000000e+00 
 6.83634642e-05  1.25222552e-08  6.83634642e-05  0.00000000e+00 
 6.84738482e-05  9.10073366e-09  6.84738482e-05  0.00000000e+00 
 6.85851381e-05  1.79648195e-09  6.85851381e-05  0.00000000e+00 
 6.86992286e-05 -5.07962244e-09  6.86992286e-05  0.00000000e+00 
 6.88249815e-05 -7.90732306e-09  6.88249815e-05  0.00000000e+00 
 6.89353941e-05 -5.75674649e-09  6.89353941e-05  0.00000000e+00 
 6.90467182e-05 -1.12890317e-09  6.90467182e-05  0.00000000e+00 
 6.91607546e-05  3.20391573e-09  6.91607546e-05  0.00000000e+00 
 6.92865652e-05  5.00063494e-09  6.92865652e-05  0.00000000e+00 
 6.93970950e-05  3.63228232e-09  6.93970950e-05  0.00000000e+00 
 6.95085488e-05  7.11372447e-10  6.95085488e-05  0.00000000e+00 
 6.96226032e-05 -2.03336527e-09  6.96226032e-05  0.00000000e+00 
 6.97483414e-05 -3.15747189e-09  6.97483414e-05  0.00000000e+00 
 6.98588499e-05 -2.29631262e-09  6.98588499e-05  0.00000000e+00 
 6.99702485e-05 -4.44205447e-10  6.99702485e-05  0.00000000e+00 
 7.00843585e-05  1.28377888e-09  7.00843585e-05  0.00000000e+00 
 7.02101579e-05  1.99773601e-09  7.02101579e-05  0.00000000e+00 
 7.03208577e-05  1.44526484e-09  7.03208577e-05  0.00000000e+00 
 7.04324549e-05  2.76635818e-10  7.04324549e-05  0.00000000e+00 
 7.05466491e-05 -8.18782172e-10  7.05466491e-05  0.00000000e+00 
 7.06722323e-05 -1.26029908e-09  7.06722323e-05  0.00000000e+00 
 7.07829103e-05 -9.12775002e-10  7.07829103e-05  0.00000000e+00 
 7.08944458e-05 -1.70522586e-10  7.08944458e-05  0.00000000e+00 
 7.10088749e-05  5.18093424e-10  7.10088749e-05  0.00000000e+00 
 7.11346267e-05  7.98007597e-10  7.11346267e-05  0.00000000e+00 
 7.12457160e-05  5.71390950e-10  7.12457160e-05  0.00000000e+00 
 7.13638345e-05  7.80711308e-11  7.13638345e-05  0.00000000e+00 
 7.14863045e-05 -3.68761008e-10  7.14863045e-05  0.00000000e+00 
 7.16138697e-05 -4.99924884e-10  7.16138697e-05  0.00000000e+00 
 7.17325516e-05 -3.10365908e-10  7.17325516e-05  0.00000000e+00 
 7.18756513e-05  7.13475752e-11  7.18756513e-05  0.00000000e+00 
 7.20289491e-05  3.15369578e-10  7.20289491e-05  0.00000000e+00 
 7.21820534e-05  2.40922409e-10  7.21820534e-05  0.00000000e+00 
 7.23599957e-05 -5.05972581e-11  7.23599957e-05  0.00000000e+00 
 7.25260234e-05 -2.11697544e-10  7.25260234e-05  0.00000000e+00 
 7.27260234e-05 -1.10587775e-10  7.27260234e-05  0.00000000e+00 
 7.29251824e-05  9.66171399e-11  7.29251824e-05  0.00000000e+00 
 7.31251824e-05  1.32753388e-10  7.31251824e-05  0.00000000e+00 
 7.33251824e-05  1.82069172e-12  7.33251824e-05  0.00000000e+00 
 7.35251824e-05 -9.77667305e-11  7.35251824e-05  0.00000000e+00 
 7.37251824e-05 -5.30288866e-11  7.37251824e-05  0.00000000e+00 
 7.39251824e-05  4.22127774e-11  7.39251824e-05  0.00000000e+00 
 7.41251824e-05  6.28032125e-11  7.41251824e-05  0.00000000e+00 
 7.43251824e-05  1.87778472e-12  7.43251824e-05  0.00000000e+00 
 7.45251824e-05 -4.42173445e-11  7.45251824e-05  0.00000000e+00 
 7.47251824e-05 -2.61725436e-11  7.47251824e-05  0.00000000e+00 
 7.49251824e-05  1.92767763e-11  7.49251824e-05  0.00000000e+00 
 7.51251824e-05  2.87924054e-11  7.51251824e-05  0.00000000e+00 
 7.53251824e-05  2.20035702e-12  7.53251824e-05  0.00000000e+00 
 7.55251824e-05 -2.07896356e-11  7.55251824e-05  0.00000000e+00 
 7.57251824e-05 -1.20636031e-11  7.57251824e-05  0.00000000e+00 
 7.59251824e-05  8.02334923e-12  7.59251824e-05  0.00000000e+00 
 7.61251824e-05  1.39297345e-11  7.61251824e-05  0.00000000e+00 
 7.63251824e-05  9.16928609e-13  7.63251824e-05  0.00000000e+00 
 7.65251824e-05 -9.06876225e-12  7.65251824e-05  0.00000000e+00 
 7.67251824e-05 -6.22724584e-12  7.67251824e-05  0.00000000e+00 
 7.69251824e-05  3.94241289e-12  7.69251824e-05  0.00000000e+00 
 7.71251824e-05  6.09335283e-12  7.71251824e-05  0.00000000e+00 
 7.73251824e-05  9.84323731e-13  7.73251824e-05  0.00000000e+00 
 7.75251824e-05 -4.52367592e-12  7.75251824e-05  0.00000000e+00 
 7.77251824e-05 -2.61079098e-12  7.77251824e-05  0.00000000e+00 
 7.79251824e-05  1.38034618e-12  7.79251824e-05  0.00000000e+00 
 7.81251824e-05  3.18404019e-12  7.81251824e-05  0.00000000e+00 
 7.83251824e-05  2.02105013e-13  7.83251824e-05  0.00000000e+00 
 7.85251824e-05 -1.74721468e-12  7.85251824e-05  0.00000000e+00 
 7.87251824e-05 -1.56089084e-12  7.87251824e-05  0.00000000e+00 
 7.89251824e-05  8.95661337e-13  7.89251824e-05  0.00000000e+00 
 7.91251824e-05  1.19292008e-12  7.91251824e-05  0.00000000e+00 
 7.93251824e-05  4.09258841e-13  7.93251824e-05  0.00000000e+00 
 7.95251824e-05 -1.06613004e-12  7.95251824e-05  0.00000000e+00 
 7.97251824e-05 -4.80265451e-13  7.97251824e-05  0.00000000e+00 
 7.99251824e-05  1.41617945e-13  7.99251824e-05  0.00000000e+00 
 8.01251824e-05  8.00024271e-13  8.01251824e-05  0.00000000e+00 
 8.03251824e-05 -3.03603993e-14  8.03251824e-05  0.00000000e+00 
 8.05251824e-05 -2.58461165e-13  8.05251824e-05  0.00000000e+00 
 8.07251824e-05 -4.51963385e-13  8.07251824e-05  0.00000000e+00 
 8.09251824e-05  2.69725334e-13  8.09251824e-05  0.00000000e+00 
 8.11251824e-05  1.65048441e-13  8.11251824e-05  0.00000000e+00 
 8.13251824e-05  1.93300693e-13  8.13251824e-05  0.00000000e+00 
 8.15251824e-05 -3.09528955e-13  8.15251824e-05  0.00000000e+00 
 8.17251824e-05 -2.64360066e-14  8.17251824e-05  0.00000000e+00 
 8.19251824e-05 -6.00871087e-14  8.19251824e-05  0.00000000e+00 
 8.21251824e-05  2.51366763e-13  8.21251824e-05  0.00000000e+00 
 8.23251824e-05 -7.57101602e-14  8.23251824e-05  0.00000000e+00 
 8.25251824e-05  2.14022080e-14  8.25251824e-05  0.00000000e+00 
 8.27251824e-05 -1.71697360e-13  8.27251824e-05  0.00000000e+00 
 8.29251824e-05  1.22572536e-13  8.29251824e-05  0.00000000e+00 
 8.31251824e-05 -3.09100532e-14  8.31251824e-05  0.00000000e+00 
 8.33251824e-05  1.09112585e-13  8.33251824e-05  0.00000000e+00 
 8.35251824e-05 -1.27139043e-13  8.35251824e-05  0.00000000e+00 
 8.37251824e-05  5.29762725e-14  8.37251824e-05  0.00000000e+00 
 8.39251824e-05 -7.30633997e-14  8.39251824e-05  0.00000000e+00 
 8.41251824e-05  1.10284122e-13  8.41251824e-05  0.00000000e+00 
 8.43251824e-05 -6.91615877e-14  8.43251824e-05  0.00000000e+00 
 8.45251824e-05  5.79410892e-14  8.45251824e-05  0.00000000e+00 
 8.47251824e-05 -8.83894738e-14  8.47251824e-05  0.00000000e+00 
 8.49251824e-05  7.45477211e-14  8.49251824e-05  0.00000000e+00 
 8.51251824e-05 -5.41618578e-14  8.51251824e-05  0.00000000e+00 
 8.53251824e-05  7.00596783e-14  8.53251824e-05  0.00000000e+00 
 8.55251824e-05 -7.13572024e-14  8.55251824e-05  0.00000000e+00 
 8.57251824e-05  5.40244563e-14  8.57251824e-05  0.00000000e+00 
 8.59251824e-05 -5.76498014e-14  8.59251824e-05  0.00000000e+00 
 8.61251824e-05  6.38193368e-14  8.61251824e-05  0.00000000e+00 
 8.63251824e-05 -5.33566846e-14  8.63251824e-05  0.00000000e+00 
 8.65251824e-05  5.01501962e-14  8.65251824e-05  0.00000000e+00 
 8.67251824e-05 -5.54003826e-14  8.67251824e-05  0.00000000e+00 
 8.69251824e-05  5.08876967e-14  8.69251824e-05  0.00000000e+00 
 8.71251824e-05 -4.55606450e-14  8.71251824e-05  0.00000000e+00 
 8.73251824e-05  4.79819393e-14  8.73251824e-05  0.00000000e+00 
 8.75251824e-05 -4.69442322e-14  8.75251824e-05  0.00000000e+00 
 8.77251824e-05  4.21969841e-14  8.77251824e-05  0.00000000e+00 
 8.79251824e-05 -4.21129474e-14  8.79251824e-05  0.00000000e+00 
 8.81251824e-05  4.23524096e-14  8.81251824e-05  0.00000000e+00 
 8.83251824e-05 -3.90973932e-14  8.83251824e-05  0.00000000e+00 
 8.85251824e-05  3.75967064e-14  8.85251824e-05  0.00000000e+00 
 8.87251824e-05 -3.78208615e-14  8.87251824e-05  0.00000000e+00 
 8.89251824e-05  3.59225898e-14  8.89251824e-05  0.00000000e+00 
 8.91251824e-05 -3.39972660e-14  8.91251824e-05  0.00000000e+00 
 8.93251824e-05  3.37396762e-14  8.93251824e-05  0.00000000e+00 
 8.95251824e-05 -3.26909499e-14  8.95251824e-05  0.00000000e+00 
 8.97251824e-05  3.09292699e-14  8.97251824e-05  0.00000000e+00 
 8.99251824e-05 -3.02177366e-14  8.99251824e-05  0.00000000e+00 
 9.01251824e-05  2.95442702e-14  9.01251824e-05  0.00000000e+00 
 9.03251824e-05 -2.81560451e-14  9.03251824e-05  0.00000000e+00 
 9.05251824e-05  2.72011398e-14  9.05251824e-05  0.00000000e+00 
 9.07251824e-05 -2.66108592e-14  9.07251824e-05  0.00000000e+00 
 9.09251824e-05  2.55756110e-14  9.09251824e-05  0.00000000e+00 
 9.11251824e-05 -2.45806349e-14  9.11251824e-05  0.00000000e+00 
 9.13251824e-05  2.39570577e-14  9.13251824e-05  0.00000000e+00 
 9.15251824e-05 -2.31671035e-14  9.15251824e-05  0.00000000e+00 
 9.17251824e-05  2.22554800e-14  9.17251824e-05  0.00000000e+00 
 9.19251824e-05 -2.15914703e-14  9.19251824e-05  0.00000000e+00 
 9.21251824e-05  2.09408627e-14  9.21251824e-05  0.00000000e+00 
 9.23251824e-05 -2.01566285e-14  9.23251824e-05  0.00000000e+00 
 9.25251824e-05  1.94885265e-14  9.25251824e-05  0.00000000e+00 
 9.27251824e-05 -1.89080572e-14  9.27251824e-05  0.00000000e+00 
 9.29251824e-05  1.82452155e-14  9.29251824e-05  0.00000000e+00 
 9.31251824e-05 -1.76110678e-14  9.31251824e-05  0.00000000e+00 
 9.33251824e-05  1.70690564e-14  9.33251824e-05  0.00000000e+00 
 9.35251824e-05 -1.65016967e-14  9.35251824e-05  0.00000000e+00 
 9.37251824e-05  1.59242514e-14  9.37251824e-05  0.00000000e+00 
 9.39251824e-05 -1.54134164e-14  9.39251824e-05  0.00000000e+00 
 9.41251824e-05  1.49151532e-14  9.41251824e-05  0.00000000e+00 
 9.43251824e-05 -1.44008716e-14  9.43251824e-05  0.00000000e+00 
 9.45251824e-05  1.39244260e-14  9.45251824e-05  0.00000000e+00 
 9.47251824e-05 -1.34764926e-14  9.47251824e-05  0.00000000e+00 
 9.49251824e-05  1.30212698e-14  9.49251824e-05  0.00000000e+00 
 9.51251824e-05 -1.25837503e-14  9.51251824e-05  0.00000000e+00 
 9.53251824e-05  1.21756170e-14  9.53251824e-05  0.00000000e+00 
 9.55251824e-05 -1.17710703e-14  9.55251824e-05  0.00000000e+00 
 9.57251824e-05  1.13743704e-14  9.57251824e-05  0.00000000e+00 
 9.59251824e-05 -1.10011483e-14  9.59251824e-05  0.00000000e+00 
 9.61251824e-05  1.06388264e-14  9.61251824e-05  0.00000000e+00 
 9.63251824e-05 -1.02817269e-14  9.63251824e-05  0.00000000e+00 
 9.65251824e-05  9.94122338e-15  9.65251824e-05  0.00000000e+00 
 9.67251824e-05 -9.61444126e-15  9.67251824e-05  0.00000000e+00 
 9.69251824e-05  9.29368914e-15  9.69251824e-05  0.00000000e+00 
 9.71251824e-05 -8.98438278e-15  9.71251824e-05  0.00000000e+00 
 9.73251824e-05  8.68843230e-15  9.73251824e-05  0.00000000e+00 
 9.75251824e-05 -8.40002906e-15  9.75251824e-05  0.00000000e+00 
 9.77251824e-05  8.12013571e-15  9.77251824e-05  0.00000000e+00 
 9.79251824e-05 -7.85176100e-15  9.79251824e-05  0.00000000e+00 
 9.81251824e-05  7.59185433e-15  9.81251824e-05  0.00000000e+00 
 9.83251824e-05 -7.33915548e-15  9.83251824e-05  0.00000000e+00 
 9.85251824e-05  7.09591656e-15  9.85251824e-05  0.00000000e+00 
 9.87251824e-05 -6.86119921e-15  9.87251824e-05  0.00000000e+00 
 9.89251824e-05  6.63322614e-15  9.89251824e-05  0.00000000e+00 
 9.91251824e-05 -6.41303994e-15  9.91251824e-05  0.00000000e+00 
 9.93251824e-05  6.20079793e-15  9.93251824e-05  0.00000000e+00 
 9.95251824e-05 -5.99508116e-15  9.95251824e-05  0.00000000e+00 
 9.97251824e-05  5.79599145e-15  9.97251824e-05  0.00000000e+00 
 9.99251824e-05 -5.60398696e-15  9.99251824e-05  0.00000000e+00 
 1.00125182e-04  5.41823272e-15  1.00125182e-04  0.00000000e+00 
 1.00325182e-04 -5.23834685e-15  1.00325182e-04  0.00000000e+00 
 1.00525182e-04  5.06467020e-15  1.00525182e-04  0.00000000e+00 
 1.00725182e-04 -4.89683620e-15  1.00725182e-04  0.00000000e+00 
 1.00925182e-04  4.73434405e-15  1.00925182e-04  0.00000000e+00 
 1.01125182e-04 -4.57730051e-15  1.01125182e-04  0.00000000e+00 
 1.01325182e-04  4.42559739e-15  1.01325182e-04  0.00000000e+00 
 1.01525182e-04 -4.27880967e-15  1.01525182e-04  0.00000000e+00 
 1.01725182e-04  4.13685486e-15  1.01725182e-04  0.00000000e+00 
 1.01925182e-04 -3.99971153e-15  1.01925182e-04  0.00000000e+00 
 1.02125182e-04  3.86708596e-15  1.02125182e-04  0.00000000e+00 
 1.02325182e-04 -3.73879864e-15  1.02325182e-04  0.00000000e+00 
 1.02525182e-04  3.61482039e-15  1.02525182e-04  0.00000000e+00 
 1.02725182e-04 -3.49496822e-15  1.02725182e-04  0.00000000e+00 
 1.02925182e-04  3.37904260e-15  1.02925182e-04  0.00000000e+00 
 1.03125182e-04 -3.26697665e-15  1.03125182e-04  0.00000000e+00 
 1.03325182e-04  3.15865428e-15  1.03325182e-04  0.00000000e+00 
 1.03525182e-04 -3.05389834e-15  1.03525182e-04  0.00000000e+00 
 1.03725182e-04  2.95261041e-15  1.03725182e-04  0.00000000e+00 
 1.03925182e-04 -2.85470373e-15  1.03925182e-04  0.00000000e+00 
 1.04125182e-04  2.76003634e-15  1.04125182e-04  0.00000000e+00 
 1.04325182e-04 -2.66849612e-15  1.04325182e-04  0.00000000e+00 
 1.04525182e-04  2.58000386e-15  1.04525182e-04  0.00000000e+00 
 1.04725182e-04 -2.49444868e-15  1.04725182e-04  0.00000000e+00 
 1.04925182e-04  2.41172048e-15  1.04925182e-04  0.00000000e+00 
 1.05125182e-04 -2.33173956e-15  1.05125182e-04  0.00000000e+00 
 1.05325182e-04  2.25441656e-15  1.05325182e-04  0.00000000e+00 
 1.05525182e-04 -2.17965207e-15  1.05525182e-04  0.00000000e+00 
 1.05725182e-04  2.10736603e-15  1.05725182e-04  0.00000000e+00 
 1.05925182e-04 -2.03748196e-15  1.05925182e-04  0.00000000e+00 
 1.06125182e-04  1.96991358e-15  1.06125182e-04  0.00000000e+00 
 1.06325182e-04 -1.90458348e-15  1.06325182e-04  0.00000000e+00 
 1.06525182e-04  1.84142264e-15  1.06525182e-04  0.00000000e+00 
 1.06725182e-04 -1.78035675e-15  1.06725182e-04  0.00000000e+00 
 1.06925182e-04  1.72131380e-15  1.06925182e-04  0.00000000e+00 
 1.07125182e-04 -1.66422980e-15  1.07125182e-04  0.00000000e+00 
 1.07325182e-04  1.60903999e-15  1.07325182e-04  0.00000000e+00 
 1.07525182e-04 -1.55567916e-15  1.07525182e-04  0.00000000e+00 
 1.07725182e-04  1.50408780e-15  1.07725182e-04  0.00000000e+00 
 1.07925182e-04 -1.45420836e-15  1.07925182e-04  0.00000000e+00 
 1.08125182e-04  1.40598263e-15  1.08125182e-04  0.00000000e+00 
 1.08325182e-04 -1.35935571e-15  1.08325182e-04  0.00000000e+00 
 1.08525182e-04  1.31427567e-15  1.08525182e-04  0.00000000e+00 
 1.08725182e-04 -1.27069066e-15  1.08725182e-04  0.00000000e+00 
 1.08925182e-04  1.22855059e-15  1.08925182e-04  0.00000000e+00 
 1.09125182e-04 -1.18780823e-15  1.09125182e-04  0.00000000e+00 
 1.09325182e-04  1.14841723e-15  1.09325182e-04  0.00000000e+00 
 1.09525182e-04 -1.11033226e-15  1.09525182e-04  0.00000000e+00 
 1.09725182e-04  1.07351030e-15  1.09725182e-04  0.00000000e+00 
 1.09862591e-04 -1.02217567e-15  1.09862591e-04  0.00000000e+00 
 1.10000000e-04  9.73105585e-16  1.10000000e-04  0.00000000e+00 
 1.10001955e-04  4.19297930e-07  1.10001955e-04  3.90915000e-03 
 1.10005864e-04  3.31932819e-06  1.10005864e-04  1.17274500e-02 
 1.10012059e-04  2.56376272e-05  1.10012059e-04  2.41177560e-02 
 1.10017638e-04  7.98954403e-05  1.10017638e-04  3.52757088e-02 
 1.10026562e-04  2.83414294e-04  1.10026562e-04  5.31232679e-02 
 1.10038649e-04  8.97889595e-04  1.10038649e-04  7.72987912e-02 
 1.10058247e-04  3.13369933e-03  1.10058247e-04  1.16494708e-01 
 1.10086947e-04  1.03661650e-02  1.10086947e-04  1.73894521e-01 
 1.10133118e-04  3.57873431e-02  1.10133118e-04  2.66235450e-01 
 1.10206814e-04  1.21023216e-01  1.10206814e-04  4.13627869e-01 
 1.10345375e-04  4.26437134e-01  1.10345375e-04  6.90750435e-01 
 1.10504655e-04  9.09527848e-01  1.10504655e-04  1.00930911e+00 
 1.10704655e-04  1.45279859e+00  1.10704655e-04  1.40930911e+00 
 1.10852327e-04  1.71728366e+00  1.10852327e-04  1.70465455e+00 
 1.11000000e-04  1.90720558e+00  1.11000000e-04  2.00000000e+00 
 1.11020000e-04  1.93144567e+00  1.11020000e-04  2.00000000e+00 
 1.11060000e-04  1.97955418e+00  1.11060000e-04  2.00000000e+00 
 1.11140000e-04  2.06357384e+00  1.11140000e-04  2.00000000e+00 
 1.11300000e-04  2.13079952e+00  1.11300000e-04  2.00000000e+00 
 1.11500000e-04  2.04530478e+00  1.11500000e-04  2.00000000e+00 
 1.11700000e-04  1.92854310e+00  1.11700000e-04  2.00000000e+00 
 1.11900000e-04  1.92808310e+00  1.11900000e-04  2.00000000e+00 
 1.12100000e-04  2.01369752e+00  1.12100000e-04  2.00000000e+00 
 1.12300000e-04  2.06025505e+00  1.12300000e-04  2.00000000e+00 
 1.12500000e-04  2.02243149e+00  1.12500000e-04  2.00000000e+00 
 1.12700000e-04  1.96777529e+00  1.12700000e-04  2.00000000e+00 
 1.12900000e-04  1.96608315e+00  1.12900000e-04  2.00000000e+00 
 1.13100000e-04  2.00536189e+00  1.13100000e-04  2.00000000e+00 
 1.13300000e-04  2.02781115e+00  1.13300000e-04  2.00000000e+00 
 1.13500000e-04  2.01104613e+00  1.13500000e-04  2.00000000e+00 
 1.13700000e-04  1.98548710e+00  1.13700000e-04  2.00000000e+00 
 1.13900000e-04  1.98401728e+00  1.13900000e-04  2.00000000e+00 
 1.14100000e-04  2.00201913e+00  1.14100000e-04  2.00000000e+00 
 1.14300000e-04  2.01281830e+00  1.14300000e-04  2.00000000e+00 
 1.14500000e-04  2.00541040e+00  1.14500000e-04  2.00000000e+00 
 1.14700000e-04  1.99346979e+00  1.14700000e-04  2.00000000e+00 
 1.14900000e-04  1.99247118e+00  1.14900000e-04  2.00000000e+00 
 1.15100000e-04  2.00071274e+00  1.15100000e-04  2.00000000e+00 
 1.15300000e-04  2.00589639e+00  1.15300000e-04  2.00000000e+00 
 1.15500000e-04  2.00263418e+00  1.15500000e-04  2.00000000e+00 
 1.15700000e-04  1.99706124e+00  1.15700000e-04  2.00000000e+00 
 1.15900000e-04  1.99645152e+00  1.15900000e-04  2.00000000e+00 
 1.16100000e-04  2.00022057e+00  1.16100000e-04  2.00000000e+00 
 1.16300000e-04  2.00270363e+00  1.16300000e-04  2.00000000e+00 
 1.16500000e-04  2.00127253e+00  1.16500000e-04  2.00000000e+00 
 1.16700000e-04  1.99867394e+00  1.16700000e-04  2.00000000e+00 
 1.16900000e-04  1.99832351e+00  1.16900000e-04  2.00000000e+00 
 1.17100000e-04  2.00004519e+00  1.17100000e-04  2.00000000e+00 
 1.17300000e-04  2.00123240e+00  1.17300000e-04  2.00000000e+00 
 1.17500000e-04  2.00060720e+00  1.17500000e-04  2.00000000e+00 
 1.17700000e-04  1.99939670e+00  1.17700000e-04  2.00000000e+00 
 1.17900000e-04  1.99920291e+00  1.17900000e-04  2.00000000e+00 
 1.18100000e-04  1.99998850e+00  1.18100000e-04  2.00000000e+00 
 1.18300000e-04  2.00055506e+00  1.18300000e-04  2.00000000e+00 
 1.18500000e-04  2.00028327e+00  1.18500000e-04  2.00000000e+00 
 1.18700000e-04  1.99971987e+00  1.18700000e-04  2.00000000e+00 
 1.18900000e-04  1.99961562e+00  1.18900000e-04  2.00000000e+00 
 1.19100000e-04  1.99997361e+00  1.19100000e-04  2.00000000e+00 
 1.19300000e-04  2.00024357e+00  1.19300000e-04  2.00000000e+00 
 1.19500000e-04  2.00012602e+00  1.19500000e-04  2.00000000e+00 
 1.19700000e-04  1.99986408e+00  1.19700000e-04  2.00000000e+00 
 1.19900000e-04  1.99980907e+00  1.19900000e-04  2.00000000e+00 
 1.20100000e-04  1.99997204e+00  1.20100000e-04  2.00000000e+00 
 1.20300000e-04  2.00010043e+00  1.20300000e-04  2.00000000e+00 
 1.20500000e-04  2.00004994e+00  1.20500000e-04  2.00000000e+00 
 1.20700000e-04  1.99992823e+00  1.20700000e-04  2.00000000e+00 
 1.20900000e-04  1.99989969e+00  1.20900000e-04  2.00000000e+00 
 1.21100000e-04  1.99997375e+00  1.21100000e-04  2.00000000e+00 
 1.21300000e-04  2.00003475e+00  1.21300000e-04  2.00000000e+00 
 1.21500000e-04  2.00001319e+00  1.21500000e-04  2.00000000e+00 
 1.21700000e-04  1.99995672e+00  1.21700000e-04  2.00000000e+00 
 1.21900000e-04  1.99994207e+00  1.21900000e-04  2.00000000e+00 
 1.22100000e-04  1.99997570e+00  1.22100000e-04  2.00000000e+00 
 1.22300000e-04  2.00000462e+00  1.22300000e-04  2.00000000e+00 
 1.22500000e-04  1.99999551e+00  1.22500000e-04  2.00000000e+00 
 1.22700000e-04  1.99996931e+00  1.22700000e-04  2.00000000e+00 
 1.22900000e-04  1.99996189e+00  1.22900000e-04  2.00000000e+00 
 1.23100000e-04  1.99997712e+00  1.23100000e-04  2.00000000e+00 
 1.23300000e-04  1.99999083e+00  1.23300000e-04  2.00000000e+00 
 1.23500000e-04  1.99998701e+00  1.23500000e-04  2.00000000e+00 
 1.23700000e-04  1.99997488e+00  1.23700000e-04  2.00000000e+00 
 1.23900000e-04  1.99997113e+00  1.23900000e-04  2.00000000e+00 
 1.24100000e-04  1.99997804e+00  1.24100000e-04  2.00000000e+00 
 1.24300000e-04  1.99998451e+00  1.24300000e-04  2.00000000e+00 
 1.24500000e-04  1.99998294e+00  1.24500000e-04  2.00000000e+00 
 1.24700000e-04  1.99997732e+00  1.24700000e-04  2.00000000e+00 
 1.24900000e-04  1.99997545e+00  1.24900000e-04  2.00000000e+00 
 1.25100000e-04  1.99997856e+00  1.25100000e-04  2.00000000e+00 
 1.25300000e-04  1.99998163e+00  1.25300000e-04  2.00000000e+00 
 1.25500000e-04  1.99998098e+00  1.25500000e-04  2.00000000e+00 
 1.25700000e-04  1.99997839e+00  1.25700000e-04  2.00000000e+00 
 1.25900000e-04  1.99997746e+00  1.25900000e-04  2.00000000e+00 
 1.26100000e-04  1.99997887e+00  1.26100000e-04  2.00000000e+00 
 1.26300000e-04  1.99998031e+00  1.26300000e-04  2.00000000e+00 
 1.26500000e-04  1.99998006e+00  1.26500000e-04  2.00000000e+00 
 1.26700000e-04  1.99997885e+00  1.26700000e-04  2.00000000e+00 
 1.26900000e-04  1.99997840e+00  1.26900000e-04  2.00000000e+00 
 1.27100000e-04  1.99997903e+00  1.27100000e-04  2.00000000e+00 
 1.27300000e-04  1.99997971e+00  1.27300000e-04  2.00000000e+00 
 1.27500000e-04  1.99997961e+00  1.27500000e-04  2.00000000e+00 
 1.27700000e-04  1.99997906e+00  1.27700000e-04  2.00000000e+00 
 1.27900000e-04  1.99997883e+00  1.27900000e-04  2.00000000e+00 
 1.28100000e-04  1.99997912e+00  1.28100000e-04  2.00000000e+00 
 1.28300000e-04  1.99997943e+00  1.28300000e-04  2.00000000e+00 
 1.28500000e-04  1.99997940e+00  1.28500000e-04  2.00000000e+00 
 1.28700000e-04  1.99997914e+00  1.28700000e-04  2.00000000e+00 
 1.28900000e-04  1.99997903e+00  1.28900000e-04  2.00000000e+00 
 1.29100000e-04  1.99997916e+00  1.29100000e-04  2.00000000e+00 
 1.29300000e-04  1.99997931e+00  1.29300000e-04  2.00000000e+00 
 1.29500000e-04  1.99997930e+00  1.29500000e-04  2.00000000e+00 
 1.29700000e-04  1.99997918e+00  1.29700000e-04  2.00000000e+00 
 1.29900000e-04  1.99997912e+00  1.29900000e-04  2.00000000e+00 
 1.30100000e-04  1.99997918e+00  1.30100000e-04  2.00000000e+00 
 1.30300000e-04  1.99997925e+00  1.30300000e-04  2.00000000e+00 
 1.30500000e-04  1.99997925e+00  1.30500000e-04  2.00000000e+00 
 1.30700000e-04  1.99997919e+00  1.30700000e-04  2.00000000e+00 
 1.30900000e-04  1.99997917e+00  1.30900000e-04  2.00000000e+00 
 1.31100000e-04  1.99997919e+00  1.31100000e-04  2.00000000e+00 
 1.31300000e-04  1.99997923e+00  1.31300000e-04  2.00000000e+00 
 1.31500000e-04  1.99997923e+00  1.31500000e-04  2.00000000e+00 
 1.31700000e-04  1.99997920e+00  1.31700000e-04  2.00000000e+00 
 1.31900000e-04  1.99997919e+00  1.31900000e-04  2.00000000e+00 
 1.32100000e-04  1.99997920e+00  1.32100000e-04  2.00000000e+00 
 1.32300000e-04  1.99997922e+00  1.32300000e-04  2.00000000e+00 
 1.32500000e-04  1.99997922e+00  1.32500000e-04  2.00000000e+00 
 1.32700000e-04  1.99997920e+00  1.32700000e-04  2.00000000e+00 
 1.32900000e-04  1.99997920e+00  1.32900000e-04  2.00000000e+00 
 1.33100000e-04  1.99997920e+00  1.33100000e-04  2.00000000e+00 
 1.33300000e-04  1.99997921e+00  1.33300000e-04  2.00000000e+00 
 1.33500000e-04  1.99997921e+00  1.33500000e-04  2.00000000e+00 
 1.33700000e-04  1.99997921e+00  1.33700000e-04  2.00000000e+00 
 1.33900000e-04  1.99997920e+00  1.33900000e-04  2.00000000e+00 
 1.34100000e-04  1.99997921e+00  1.34100000e-04  2.00000000e+00 
 1.34300000e-04  1.99997921e+00  1.34300000e-04  2.00000000e+00 
 1.34500000e-04  1.99997921e+00  1.34500000e-04  2.00000000e+00 
 1.34700000e-04  1.99997921e+00  1.34700000e-04  2.00000000e+00 
 1.34900000e-04  1.99997921e+00  1.34900000e-04  2.00000000e+00 
 1.35100000e-04  1.99997921e+00  1.35100000e-04  2.00000000e+00 
 1.35300000e-04  1.99997921e+00  1.35300000e-04  2.00000000e+00 
 1.35500000e-04  1.99997921e+00  1.35500000e-04  2.00000000e+00 
 1.35700000e-04  1.99997921e+00  1.35700000e-04  2.00000000e+00 
 1.35900000e-04  1.99997921e+00  1.35900000e-04  2.00000000e+00 
 1.36100000e-04  1.99997921e+00  1.36100000e-04  2.00000000e+00 
 1.36300000e-04  1.99997921e+00  1.36300000e-04  2.00000000e+00 
 1.36500000e-04  1.99997921e+00  1.36500000e-04  2.00000000e+00 
 1.36700000e-04  1.99997921e+00  1.36700000e-04  2.00000000e+00 
 1.36900000e-04  1.99997921e+00  1.36900000e-04  2.00000000e+00 
 1.37100000e-04  1.99997921e+00  1.37100000e-04  2.00000000e+00 
 1.37300000e-04  1.99997921e+00  1.37300000e-04  2.00000000e+00 
 1.37500000e-04  1.99997921e+00  1.37500000e-04  2.00000000e+00 
 1.37700000e-04  1.99997921e+00  1.37700000e-04  2.00000000e+00 
 1.37900000e-04  1.99997921e+00  1.37900000e-04  2.00000000e+00 
 1.38100000e-04  1.99997921e+00  1.38100000e-04  2.00000000e+00 
 1.38300000e-04  1.99997921e+00  1.38300000e-04  2.00000000e+00 
 1.38500000e-04  1.99997921e+00  1.38500000e-04  2.00000000e+00 
 1.38700000e-04  1.99997921e+00  1.38700000e-04  2.00000000e+00 
 1.38900000e-04  1.99997921e+00  1.38900000e-04  2.00000000e+00 
 1.39100000e-04  1.99997921e+00  1.39100000e-04  2.00000000e+00 
 1.39300000e-04  1.99997921e+00  1.39300000e-04  2.00000000e+00 
 1.39500000e-04  1.99997921e+00  1.39500000e-04  2.00000000e+00 
 1.39700000e-04  1.99997921e+00  1.39700000e-04  2.00000000e+00 
 1.39900000e-04  1.99997921e+00  1.39900000e-04  2.00000000e+00 
 1.40100000e-04  1.99997921e+00  1.40100000e-04  2.00000000e+00 
 1.40300000e-04  1.99997921e+00  1.40300000e-04  2.00000000e+00 
 1.40500000e-04  1.99997921e+00  1.40500000e-04  2.00000000e+00 
 1.40700000e-04  1.99997921e+00  1.40700000e-04  2.00000000e+00 
 1.40900000e-04  1.99997921e+00  1.40900000e-04  2.00000000e+00 
 1.41100000e-04  1.99997921e+00  1.41100000e-04  2.00000000e+00 
 1.41300000e-04  1.99997921e+00  1.41300000e-04  2.00000000e+00 
 1.41500000e-04  1.99997921e+00  1.41500000e-04  2.00000000e+00 
 1.41700000e-04  1.99997921e+00  1.41700000e-04  2.00000000e+00 
 1.41900000e-04  1.99997921e+00  1.41900000e-04  2.00000000e+00 
 1.42100000e-04  1.99997921e+00  1.42100000e-04  2.00000000e+00 
 1.42300000e-04  1.99997921e+00  1.42300000e-04  2.00000000e+00 
 1.42500000e-04  1.99997921e+00  1.42500000e-04  2.00000000e+00 
 1.42700000e-04  1.99997921e+00  1.42700000e-04  2.00000000e+00 
 1.42900000e-04  1.99997921e+00  1.42900000e-04  2.00000000e+00 
 1.43100000e-04  1.99997921e+00  1.43100000e-04  2.00000000e+00 
 1.43300000e-04  1.99997921e+00  1.43300000e-04  2.00000000e+00 
 1.43500000e-04  1.99997921e+00  1.43500000e-04  2.00000000e+00 
 1.43700000e-04  1.99997921e+00  1.43700000e-04  2.00000000e+00 
 1.43900000e-04  1.99997921e+00  1.43900000e-04  2.00000000e+00 
 1.44100000e-04  1.99997921e+00  1.44100000e-04  2.00000000e+00 
 1.44300000e-04  1.99997921e+00  1.44300000e-04  2.00000000e+00 
 1.44500000e-04  1.99997921e+00  1.44500000e-04  2.00000000e+00 
 1.44700000e-04  1.99997921e+00  1.44700000e-04  2.00000000e+00 
 1.44900000e-04  1.99997921e+00  1.44900000e-04  2.00000000e+00 
 1.45100000e-04  1.99997921e+00  1.45100000e-04  2.00000000e+00 
 1.45300000e-04  1.99997921e+00  1.45300000e-04  2.00000000e+00 
 1.45500000e-04  1.99997921e+00  1.45500000e-04  2.00000000e+00 
 1.45700000e-04  1.99997921e+00  1.45700000e-04  2.00000000e+00 
 1.45900000e-04  1.99997921e+00  1.45900000e-04  2.00000000e+00 
 1.46100000e-04  1.99997921e+00  1.46100000e-04  2.00000000e+00 
 1.46300000e-04  1.99997921e+00  1.46300000e-04  2.00000000e+00 
 1.46500000e-04  1.99997921e+00  1.46500000e-04  2.00000000e+00 
 1.46700000e-04  1.99997921e+00  1.46700000e-04  2.00000000e+00 
 1.46900000e-04  1.99997921e+00  1.46900000e-04  2.00000000e+00 
 1.47100000e-04  1.99997921e+00  1.47100000e-04  2.00000000e+00 
 1.47300000e-04  1.99997921e+00  1.47300000e-04  2.00000000e+00 
 1.47500000e-04  1.99997921e+00  1.47500000e-04  2.00000000e+00 
 1.47700000e-04  1.99997921e+00  1.47700000e-04  2.00000000e+00 
 1.47900000e-04  1.99997921e+00  1.47900000e-04  2.00000000e+00 
 1.48100000e-04  1.99997921e+00  1.48100000e-04  2.00000000e+00 
 1.48300000e-04  1.99997921e+00  1.48300000e-04  2.00000000e+00 
 1.48500000e-04  1.99997921e+00  1.48500000e-04  2.00000000e+00 
 1.48700000e-04  1.99997921e+00  1.48700000e-04  2.00000000e+00 
 1.48900000e-04  1.99997921e+00  1.48900000e-04  2.00000000e+00 
 1.49100000e-04  1.99997921e+00  1.49100000e-04  2.00000000e+00 
 1.49300000e-04  1.99997921e+00  1.49300000e-04  2.00000000e+00 
 1.49500000e-04  1.99997921e+00  1.49500000e-04  2.00000000e+00 
 1.49700000e-04  1.99997921e+00  1.49700000e-04  2.00000000e+00 
 1.49900000e-04  1.99997921e+00  1.49900000e-04  2.00000000e+00 
 1.50100000e-04  1.99997921e+00  1.50100000e-04  2.00000000e+00 
 1.50300000e-04  1.99997921e+00  1.50300000e-04  2.00000000e+00 
 1.50500000e-04  1.99997921e+00  1.50500000e-04  2.00000000e+00 
 1.50700000e-04  1.99997921e+00  1.50700000e-04  2.00000000e+00 
 1.50850000e-04  2.00006214e+00  1.50850000e-04  2.00000000e+00 
 1.51000000e-04  2.00014163e+00  1.51000000e-04  2.00000000e+00 
 1.51020000e-04  1.99928949e+00  1.51020000e-04  1.96000000e+00 
 1.51060000e-04  1.99470235e+00  1.51060000e-04  1.88000000e+00 
 1.51140000e-04  1.95468203e+00  1.51140000e-04  1.72000000e+00 
 1.51300000e-04  1.69630494e+00  1.51300000e-04  1.40000000e+00 
 1.51458029e-04  1.24793854e+00  1.51458029e-04  1.08394155e+00 
 1.51600298e-04  8.11569720e-01  1.51600298e-04  7.99404533e-01 
 1.51732655e-04  4.89786971e-01  1.51732655e-04  5.34690557e-01 
 1.51812276e-04  3.50845209e-01  1.51812276e-04  3.75448956e-01 
 1.51906138e-04  2.23176456e-01  1.51906138e-04  1.87724478e-01 
 1.51953069e-04  1.66290952e-01  1.51953069e-04  9.38622389e-02 
 1.52000000e-04  1.07796379e-01  1.52000000e-04  0.00000000e+00 
 1.52009386e-04  9.55558460e-02  1.52009386e-04  0.00000000e+00 
 1.52028159e-04  7.08461453e-02  1.52028159e-04  0.00000000e+00 
 1.52065704e-04  2.14246179e-02  1.52065704e-04  0.00000000e+00 
 1.52140793e-04 -6.56188532e-02  1.52140793e-04  0.00000000e+00 
 1.52242339e-04 -1.33620220e-01  1.52242339e-04  0.00000000e+00 
 1.52345660e-04 -1.30490913e-01  1.52345660e-04  0.00000000e+00 
 1.52451491e-04 -6.81551091e-02  1.52451491e-04  0.00000000e+00 
 1.52555497e-04  1.24216222e-02  1.52555497e-04  0.00000000e+00 
 1.52663511e-04  7.33771570e-02  1.52663511e-04  0.00000000e+00 
 1.52767281e-04  8.74749873e-02  1.52767281e-04  0.00000000e+00 
 1.52872293e-04  5.92139553e-02  1.52872293e-04  0.00000000e+00 
 1.52977299e-04  9.33822800e-03  1.52977299e-04  0.00000000e+00 
 1.53082451e-04 -3.52353422e-02  1.53082451e-04  0.00000000e+00 
 1.53187666e-04 -5.50604614e-02  1.53187666e-04  0.00000000e+00 
 1.53293575e-04 -4.56676729e-02  1.53293575e-04  0.00000000e+00 
 1.53400329e-04 -1.66695497e-02  1.53400329e-04  0.00000000e+00 
 1.53504105e-04  1.38079281e-02  1.53504105e-04  0.00000000e+00 
 1.53611088e-04  3.25504205e-02  1.53611088e-04  0.00000000e+00 
 1.53721394e-04  3.20343343e-02  1.53721394e-04  0.00000000e+00 
 1.53829707e-04  1.60485236e-02  1.53829707e-04  0.00000000e+00 
 1.53934567e-04 -3.96065469e-03  1.53934567e-04  0.00000000e+00 
 1.54043657e-04 -1.86470434e-02  1.54043657e-04  0.00000000e+00 
 1.54147150e-04 -2.14722777e-02  1.54147150e-04  0.00000000e+00 
 1.54251943e-04 -1.40574610e-02  1.54251943e-04  0.00000000e+00 
 1.54356658e-04 -1.67301316e-03  1.54356658e-04  0.00000000e+00 
 1.54461683e-04  9.11336890e-03  1.54461683e-04  0.00000000e+00 
 1.54566652e-04  1.36478220e-02  1.54566652e-04  0.00000000e+00 
 1.54672284e-04  1.10401648e-02  1.54672284e-04  0.00000000e+00 
 1.54778779e-04  3.78093860e-03  1.54778779e-04  0.00000000e+00 
 1.54883894e-04 -3.75593381e-03  1.54883894e-04  0.00000000e+00 
 1.54990605e-04 -8.15051667e-03  1.54990605e-04  0.00000000e+00 
 1.55103308e-04 -7.73695339e-03  1.55103308e-04  0.00000000e+00 
 1.55211188e-04 -3.63080098e-03  1.55211188e-04  0.00000000e+00 
 1.55316124e-04  1.28871239e-03  1.55316124e-04  0.00000000e+00 
 1.55424726e-04  4.73717938e-03  1.55424726e-04  0.00000000e+00 
 1.55528031e-04  5.25193929e-03  1.55528031e-04  0.00000000e+00 
 1.55632574e-04  3.30354901e-03  1.55632574e-04  0.00000000e+00 
 1.55737009e-04  2.33588601e-04  1.55737009e-04  0.00000000e+00 
 1.55852548e-04 -2.53498974e-03  1.55852548e-04  0.00000000e+00 
 1.55957315e-04 -3.38436389e-03  1.55957315e-04  0.00000000e+00 
 1.56062657e-04 -2.52139163e-03  1.56062657e-04  0.00000000e+00 
 1.56168630e-04 -6.55592215e-04  1.56168630e-04  0.00000000e+00 
 1.56279513e-04  1.21462702e-03  1.56279513e-04  0.00000000e+00 
 1.56385384e-04  2.08880928e-03  1.56385384e-04  0.00000000e+00 
 1.56492093e-04  1.82044489e-03  1.56492093e-04  0.00000000e+00 
 1.56599652e-04  7.40841783e-04  1.56599652e-04  0.00000000e+00 
 1.56703097e-04 -4.41780750e-04  1.56703097e-04  0.00000000e+00 
 1.56810865e-04 -1.21877213e-03  1.56810865e-04  0.00000000e+00 
 1.56917556e-04 -1.26364850e-03  1.56917556e-04  0.00000000e+00 
 1.57028879e-04 -6.77077545e-04  1.57028879e-04  0.00000000e+00 
 1.57133515e-04  9.03522624e-05  1.57133515e-04  0.00000000e+00 
 1.57243827e-04  6.88480588e-04  1.57243827e-04  0.00000000e+00 
 1.57347541e-04  8.29819760e-04  1.57347541e-04  0.00000000e+00 
 1.57451904e-04  5.70113069e-04  1.57451904e-04  0.00000000e+00 
 1.57556663e-04  1.00729506e-04  1.57556663e-04  0.00000000e+00 
 1.57673536e-04 -3.58228240e-04  1.57673536e-04  0.00000000e+00 
 1.57778722e-04 -5.24663245e-04  1.57778722e-04  0.00000000e+00 
 1.57884716e-04 -4.16850373e-04  1.57884716e-04  0.00000000e+00 
 1.57991439e-04 -1.34517940e-04  1.57991439e-04  0.00000000e+00 
 1.58097393e-04  1.54271261e-04  1.58097393e-04  0.00000000e+00 
 1.58203968e-04  3.15872971e-04  1.58203968e-04  0.00000000e+00 
 1.58318431e-04  2.91357520e-04  1.58318431e-04  0.00000000e+00 
 1.58426022e-04  1.29382027e-04  1.58426022e-04  0.00000000e+00 
 1.58530986e-04 -5.86012125e-05  1.58530986e-04  0.00000000e+00 
 1.58639386e-04 -1.85835332e-04  1.58639386e-04  0.00000000e+00 
 1.58743845e-04 -1.99721747e-04  1.58743845e-04  0.00000000e+00 
 1.58847235e-04 -1.21361991e-04  1.58847235e-04  0.00000000e+00 
 1.58950677e-04 -3.80100113e-06  1.58950677e-04  0.00000000e+00 
 1.59062452e-04  9.81503101e-05  1.59062452e-04  0.00000000e+00 
 1.59166848e-04  1.30010470e-04  1.59166848e-04  0.00000000e+00 
 1.59272292e-04  9.63591531e-05  1.59272292e-04  0.00000000e+00 
 1.59378093e-04  2.45804283e-05  1.59378093e-04  0.00000000e+00 
 1.59488763e-04 -4.70181370e-05  1.59488763e-04  0.00000000e+00 
 1.59594452e-04 -8.03503781e-05  1.59594452e-04  0.00000000e+00 
 1.59699128e-04 -7.03208659e-05  1.59699128e-04  0.00000000e+00 
 1.59806408e-04 -2.91639462e-05  1.59806408e-04  0.00000000e+00 
 1.59911140e-04  1.68567283e-05  1.59911140e-04  0.00000000e+00 
 1.60018720e-04  4.67678608e-05  1.60018720e-04  0.00000000e+00 
 1.60125519e-04  4.86180626e-05  1.60125519e-04  0.00000000e+00 
 1.60237061e-04  2.60952302e-05  1.60237061e-04  0.00000000e+00 
 1.60339600e-04 -2.89146920e-06  1.60339600e-04  0.00000000e+00 
 1.60450322e-04 -2.62152010e-05  1.60450322e-04  0.00000000e+00 
 1.60553767e-04 -3.19471285e-05  1.60553767e-04  0.00000000e+00 
 1.60658807e-04 -2.21298722e-05  1.60658807e-04  0.00000000e+00 
 1.60763851e-04 -4.08404383e-06  1.60763851e-04  0.00000000e+00 
 1.60878880e-04  1.34451653e-05  1.60878880e-04  0.00000000e+00 
 1.60984097e-04  2.01409750e-05  1.60984097e-04  0.00000000e+00 
 1.61090142e-04  1.62428773e-05  1.61090142e-04  0.00000000e+00 
 1.61196967e-04  5.46953854e-06  1.61196967e-04  0.00000000e+00 
 1.61307811e-04 -6.10184435e-06  1.61307811e-04  0.00000000e+00 
 1.61414402e-04 -1.22044896e-05  1.61414402e-04  0.00000000e+00 
 1.61530073e-04 -1.10972429e-05  1.61530073e-04  0.00000000e+00 
 1.61637840e-04 -4.76369876e-06  1.61637840e-04  0.00000000e+00 
 1.61742869e-04  2.44862391e-06  1.61742869e-04  0.00000000e+00 
 1.61851209e-04  7.23154667e-06  1.61851209e-04  0.00000000e+00 
 1.61956816e-04  7.62692119e-06  1.61956816e-04  0.00000000e+00 
 1.62069803e-04  4.15053702e-06  1.62069803e-04  0.00000000e+00 
 1.62174388e-04 -4.46821469e-07  1.62174388e-04  0.00000000e+00 
 1.62285695e-04 -4.09728250e-06  1.62285695e-04  0.00000000e+00 
 1.62389403e-04 -4.97963004e-06  1.62389403e-04  0.00000000e+00 
 1.62494480e-04 -3.43508616e-06  1.62494480e-04  0.00000000e+00 
 1.62599557e-04 -6.17103273e-07  1.62599557e-04  0.00000000e+00 
 1.62705118e-04  1.94865442e-06  1.62705118e-04  0.00000000e+00 
 1.62810754e-04  3.11865612e-06  1.62810754e-04  0.00000000e+00 
 1.62916882e-04  2.61659704e-06  1.62916882e-04  0.00000000e+00 
 1.63023835e-04  9.80829808e-07  1.63023835e-04  0.00000000e+00 
 1.63131874e-04 -8.11890647e-07  1.63131874e-04  0.00000000e+00 
 1.63238949e-04 -1.85847454e-06  1.63238949e-04  0.00000000e+00 
 1.63350489e-04 -1.80222888e-06  1.63350489e-04  0.00000000e+00 
 1.63458954e-04 -8.75753424e-07  1.63458954e-04  0.00000000e+00 
 1.63563870e-04  2.58301814e-07  1.63563870e-04  0.00000000e+00 
 1.63673510e-04  1.07650703e-06  1.63673510e-04  0.00000000e+00 
 1.63777287e-04  1.21240102e-06  1.63777287e-04  0.00000000e+00 
 1.63881975e-04  7.73470968e-07  1.63881975e-04  0.00000000e+00 
 1.63986555e-04  6.81302780e-08  1.63986555e-04  0.00000000e+00 
 1.64096799e-04 -5.54878014e-07  1.64096799e-04  0.00000000e+00 
 1.64215483e-04 -7.78362589e-07  1.64215483e-04  0.00000000e+00 
 1.64323984e-04 -5.51873587e-07  1.64323984e-04  0.00000000e+00 
 1.64433028e-04 -1.01103064e-07  1.64433028e-04  0.00000000e+00 
 1.64550081e-04  3.30528554e-07  1.64550081e-04  0.00000000e+00 
 1.64695332e-04  4.88335095e-07  1.64695332e-04  0.00000000e+00 
 1.64809301e-04  3.02698321e-07  1.64809301e-04  0.00000000e+00 
 1.64923804e-04 -4.85242505e-09  1.64923804e-04  0.00000000e+00 
 1.65042875e-04 -2.52962661e-07  1.65042875e-04  0.00000000e+00 
 1.65155542e-04 -3.08729487e-07  1.65155542e-04  0.00000000e+00 
 1.65262269e-04 -2.02661252e-07  1.65262269e-04  0.00000000e+00 
 1.65369018e-04 -2.19434139e-08  1.65369018e-04  0.00000000e+00 
 1.65492753e-04  1.49924467e-07  1.65492753e-04  0.00000000e+00 
 1.65608342e-04  1.96387870e-07  1.65608342e-04  0.00000000e+00 
 1.65716140e-04  1.34404224e-07  1.65716140e-04  0.00000000e+00 
 1.65824150e-04  2.01782184e-08  1.65824150e-04  0.00000000e+00 
 1.65944178e-04 -8.89137679e-08  1.65944178e-04  0.00000000e+00 
 1.66063743e-04 -1.24411140e-07  1.66063743e-04  0.00000000e+00 
 1.66172572e-04 -8.75314763e-08  1.66172572e-04  0.00000000e+00 
 1.66281881e-04 -1.51001869e-08  1.66281881e-04  0.00000000e+00 
 1.66399263e-04  5.36746089e-08  1.66399263e-04  0.00000000e+00 
 1.66521537e-04  7.87207054e-08  1.66521537e-04  0.00000000e+00 
 1.66631063e-04  5.62377896e-08  1.66631063e-04  0.00000000e+00 
 1.66741247e-04  1.04017530e-08  1.66741247e-04  0.00000000e+00 
 1.66857029e-04 -3.29652525e-08  1.66857029e-04  0.00000000e+00 
 1.66980898e-04 -4.97259609e-08  1.66980898e-04  0.00000000e+00 
 1.67090789e-04 -3.58814092e-08  1.67090789e-04  0.00000000e+00 
 1.67201468e-04 -6.88243883e-09  1.67201468e-04  0.00000000e+00 
 1.67316368e-04  2.04473916e-08  1.67316368e-04  0.00000000e+00 
 1.67441258e-04  3.14237322e-08  1.67441258e-04  0.00000000e+00 
 1.67551450e-04  2.27659357e-08  1.67551450e-04  0.00000000e+00 
 1.67662494e-04  4.44014595e-09  1.67662494e-04  0.00000000e+00 
 1.67776900e-04 -1.28202001e-08  1.67776900e-04  0.00000000e+00 
 1.67902246e-04 -1.98472210e-08  1.67902246e-04  0.00000000e+00 
 1.68012536e-04 -1.44275477e-08  1.68012536e-04  0.00000000e+00 
 1.68123709e-04 -2.82596805e-09  1.68123709e-04  0.00000000e+00 
 1.68237871e-04  8.05837436e-09  1.68237871e-04  0.00000000e+00 
 1.68363472e-04  1.25493214e-08  1.68363472e-04  0.00000000e+00 
 1.68473879e-04  9.12116990e-09  1.68473879e-04  0.00000000e+00 
 1.68585197e-04  1.79374077e-09  1.68585197e-04  0.00000000e+00 
 1.68699259e-04 -5.09698261e-09  1.68699259e-04  0.00000000e+00 
 1.68824940e-04 -7.92677842e-09  1.68824940e-04  0.00000000e+00 
 1.68935327e-04 -5.77044286e-09  1.68935327e-04  0.00000000e+00 
 1.69046619e-04 -1.13370916e-09  1.69046619e-04  0.00000000e+00 
 1.69160692e-04  3.21259488e-09  1.69160692e-04  0.00000000e+00 
 1.69286554e-04  5.01319360e-09  1.69286554e-04  0.00000000e+00 
 1.69397075e-04  3.63947536e-09  1.69397075e-04  0.00000000e+00 
 1.69508518e-04  7.12361742e-10  1.69508518e-04  0.00000000e+00 
 1.69622587e-04 -2.03945142e-09  1.69622587e-04  0.00000000e+00 
 1.69748331e-04 -3.16562620e-09  1.69748331e-04  0.00000000e+00 
 1.69858829e-04 -2.30097704e-09  1.69858829e-04  0.00000000e+00 
 1.69970214e-04 -4.44076492e-10  1.69970214e-04  0.00000000e+00 
 1.70084346e-04  1.28808145e-09  1.70084346e-04  0.00000000e+00 
 1.70210094e-04  2.00225568e-09  1.70210094e-04  0.00000000e+00 
 1.70320777e-04  1.44842025e-09  1.70320777e-04  0.00000000e+00 
 1.70432350e-04  2.77877524e-10  1.70432350e-04  0.00000000e+00 
 1.70546581e-04 -8.20545040e-10  1.70546581e-04  0.00000000e+00 
 1.70672219e-04 -1.26361791e-09  1.70672219e-04  0.00000000e+00 
 1.70782911e-04 -9.14798370e-10  1.70782911e-04  0.00000000e+00 
 1.70894465e-04 -1.70063597e-10  1.70894465e-04  0.00000000e+00 
 1.71008882e-04  5.20154996e-10  1.71008882e-04  0.00000000e+00 
 1.71134540e-04  8.00237726e-10  1.71134540e-04  0.00000000e+00 
 1.71245594e-04  5.73045065e-10  1.71245594e-04  0.00000000e+00 
 1.71363541e-04  7.90439757e-11  1.71363541e-04  0.00000000e+00 
 1.71485926e-04 -3.69259331e-10  1.71485926e-04  0.00000000e+00 
 1.71613338e-04 -5.01487371e-10  1.71613338e-04  0.00000000e+00 
 1.71731810e-04 -3.12463781e-10  1.71731810e-04  0.00000000e+00 
 1.71874776e-04  6.98485860e-11  1.71874776e-04  0.00000000e+00 
 1.72027683e-04  3.15578918e-10  1.72027683e-04  0.00000000e+00 
 1.72180666e-04  2.42987087e-10  1.72180666e-04  0.00000000e+00 
 1.72358611e-04 -4.90994982e-11  1.72358611e-04  0.00000000e+00 
 1.72524098e-04 -2.11915703e-10  1.72524098e-04  0.00000000e+00 
 1.72724098e-04 -1.12518766e-10  1.72724098e-04  0.00000000e+00 
 1.72923237e-04  9.57546761e-11  1.72923237e-04  0.00000000e+00 
 1.73123237e-04  1.33718771e-10  1.73123237e-04  0.00000000e+00 
 1.73323237e-04  2.96965726e-12  1.73323237e-04  0.00000000e+00 
 1.73523237e-04 -9.78556937e-11  1.73523237e-04  0.00000000e+00 
 1.73723237e-04 -5.39224754e-11  1.73723237e-04  0.00000000e+00 
 1.73923237e-04  4.17964186e-11  1.73923237e-04  0.00000000e+00 
 1.74123237e-04  6.32349463e-11  1.74123237e-04  0.00000000e+00 
 1.74323237e-04  2.41762272e-12  1.74323237e-04  0.00000000e+00 
 1.74523237e-04 -4.42439614e-11  1.74523237e-04  0.00000000e+00 
 1.74723237e-04 -2.65833421e-11  1.74723237e-04  0.00000000e+00 
 1.74923237e-04  1.90740465e-11  1.74923237e-04  0.00000000e+00 
 1.75123237e-04  2.89855619e-11  1.75123237e-04  0.00000000e+00 
 1.75323237e-04  2.45321755e-12  1.75323237e-04  0.00000000e+00 
 1.75523237e-04 -2.07946882e-11  1.75523237e-04  0.00000000e+00 
 1.75723237e-04 -1.22527403e-11  1.75723237e-04  0.00000000e+00 
 1.75923237e-04  7.92540702e-12  1.75923237e-04  0.00000000e+00 
 1.76123237e-04  1.40155110e-11  1.76123237e-04  0.00000000e+00 
 1.76323237e-04  1.03567861e-12  1.76323237e-04  0.00000000e+00 
 1.76523237e-04 -9.06813743e-12  1.76523237e-04  0.00000000e+00 
 1.76723237e-04 -6.31384101e-12  1.76723237e-04  0.00000000e+00 
 1.76923237e-04  3.89482528e-12  1.76923237e-04  0.00000000e+00 
 1.77123237e-04  6.13170834e-12  1.77123237e-04  0.00000000e+00 
 1.77323237e-04  1.03966992e-12  1.77323237e-04  0.00000000e+00 
 1.77523237e-04 -4.52165956e-12  1.77523237e-04  0.00000000e+00 
 1.77723237e-04 -2.65073361e-12  1.77723237e-04  0.00000000e+00 
 1.77923237e-04  1.35762063e-12  1.77923237e-04  0.00000000e+00 
 1.78123237e-04  3.20083436e-12  1.78123237e-04  0.00000000e+00 
 1.78323237e-04  2.28182578e-13  1.78323237e-04  0.00000000e+00 
 1.78523237e-04 -1.74577605e-12  1.78523237e-04  0.00000000e+00 
 1.78723237e-04 -1.57901076e-12  1.78723237e-04  0.00000000e+00 
 1.78923237e-04  8.84550573e-13  1.78923237e-04  0.00000000e+00 
 1.79123237e-04  1.20050840e-12  1.79123237e-04  0.00000000e+00 
 1.79323237e-04  4.21272860e-13  1.79323237e-04  0.00000000e+00 
 1.79523237e-04 -1.06497975e-12  1.79523237e-04  0.00000000e+00 
 1.79723237e-04 -4.88715718e-13  1.79723237e-04  0.00000000e+00 
 1.79923237e-04  1.36438843e-13  1.79923237e-04  0.00000000e+00 
 1.80123237e-04  8.03221229e-13  1.80123237e-04  0.00000000e+00 
 1.80323237e-04 -2.46121775e-14  1.80323237e-04  0.00000000e+00 
 1.80523237e-04 -2.57915595e-13  1.80523237e-04  0.00000000e+00 
 1.80723237e-04 -4.55696062e-13  1.80723237e-04  0.00000000e+00 
 1.80923237e-04  2.67115818e-13  1.80923237e-04  0.00000000e+00 
 1.81123237e-04  1.66571376e-13  1.81123237e-04  0.00000000e+00 
 1.81323237e-04  1.95861194e-13  1.81323237e-04  0.00000000e+00 
 1.81523237e-04 -3.09091947e-13  1.81523237e-04  0.00000000e+00 
 1.81723237e-04 -2.82518261e-14  1.81723237e-04  0.00000000e+00 
 1.81923237e-04 -6.12255143e-14  1.81923237e-04  0.00000000e+00 
 1.82123237e-04  2.51929661e-13  1.82123237e-04  0.00000000e+00 
 1.82323237e-04 -7.44165440e-14  1.82323237e-04  0.00000000e+00 
 1.82523237e-04  2.15391096e-14  1.82523237e-04  0.00000000e+00 
 1.82723237e-04 -1.72432100e-13  1.82723237e-04  0.00000000e+00 
 1.82923237e-04  1.21937305e-13  1.82923237e-04  0.00000000e+00 
 1.83123237e-04 -3.05793509e-14  1.83123237e-04  0.00000000e+00 
 1.83323237e-04  1.09629334e-13  1.83323237e-04  0.00000000e+00 
 1.83523237e-04 -1.26978626e-13  1.83523237e-04  0.00000000e+00 
 1.83723237e-04  5.25623728e-14  1.83723237e-04  0.00000000e+00 
 1.83923237e-04 -7.32883054e-14  1.83923237e-04  0.00000000e+00 
 1.84123237e-04  1.10354432e-13  1.84123237e-04  0.00000000e+00 
 1.84323237e-04 -6.88493363e-14  1.84323237e-04  0.00000000e+00 
 1.84523237e-04  5.79526617e-14  1.84523237e-04  0.00000000e+00 
 1.84723237e-04 -8.85110430e-14  1.84723237e-04  0.00000000e+00 
 1.84923237e-04  7.43751548e-14  1.84923237e-04  0.00000000e+00 
 1.85123237e-04 -5.40704582e-14  1.85123237e-04  0.00000000e+00 
 1.85323237e-04  7.01439137e-14  1.85323237e-04  0.00000000e+00 
 1.85523237e-04 -7.12899844e-14  1.85523237e-04  0.00000000e+00 
 1.85723237e-04  5.39127951e-14  1.85723237e-04  0.00000000e+00 
 1.85923237e-04 -5.76763591e-14  1.85923237e-04  0.00000000e+00 
 1.86123237e-04  6.38067159e-14  1.86123237e-04  0.00000000e+00 
 1.86323237e-04 -5.32662390e-14  1.86323237e-04  0.00000000e+00 
 1.86523237e-04  5.01331530e-14  1.86523237e-04  0.00000000e+00 
 1.86723237e-04 -5.54034347e-14  1.86723237e-04  0.00000000e+00 
 1.86923237e-04  5.08283322e-14  1.86923237e-04  0.00000000e+00 
 1.87123237e-04 -4.55225287e-14  1.87123237e-04  0.00000000e+00 
 1.87323237e-04  4.79805036e-14  1.87323237e-04  0.00000000e+00 
 1.87523237e-04 -4.69095468e-14  1.87523237e-04  0.00000000e+00 
 1.87723237e-04  4.21553805e-14  1.87723237e-04  0.00000000e+00 
 1.87923237e-04 -4.21015651e-14  1.87923237e-04  0.00000000e+00 
 1.88123237e-04  4.23317678e-14  1.88123237e-04  0.00000000e+00 
 1.88323237e-04 -3.90614294e-14  1.88323237e-04  0.00000000e+00 
 1.88523237e-04  3.75776631e-14  1.88523237e-04  0.00000000e+00 
 1.88723237e-04 -3.78057296e-14  1.88723237e-04  0.00000000e+00 
 1.88923237e-04  3.58946234e-14  1.88923237e-04  0.00000000e+00 
 1.89123237e-04 -3.39750148e-14  1.89123237e-04  0.00000000e+00 
 1.89323237e-04  3.37253853e-14  1.89323237e-04  0.00000000e+00 
 1.89523237e-04 -3.26697131e-14  1.89523237e-04  0.00000000e+00 
 1.89723237e-04  3.09074319e-14  1.89723237e-04  0.00000000e+00 
 1.89923237e-04 -3.02027839e-14  1.89923237e-04  0.00000000e+00 
 1.90123237e-04  2.95274473e-14  1.90123237e-04  0.00000000e+00 
 1.90323237e-04 -2.81365267e-14  1.90323237e-04  0.00000000e+00 
 1.90523237e-04  2.71857650e-14  1.90523237e-04  0.00000000e+00 
 1.90723237e-04 -2.65964992e-14  1.90723237e-04  0.00000000e+00 
 1.90923237e-04  2.55588836e-14  1.90923237e-04  0.00000000e+00 
 1.91123237e-04 -2.45656261e-14  1.91123237e-04  0.00000000e+00 
 1.91323237e-04  2.39440094e-14  1.91323237e-04  0.00000000e+00 
 1.91523237e-04 -2.31528424e-14  1.91523237e-04  0.00000000e+00 
 1.91723237e-04  2.22415045e-14  1.91723237e-04  0.00000000e+00 
 1.91923237e-04 -2.15792695e-14  1.91923237e-04  0.00000000e+00 
 1.92123237e-04  2.09284963e-14  1.92123237e-04  0.00000000e+00 
 1.92323237e-04 -2.01440159e-14  1.92323237e-04  0.00000000e+00 
 1.92523237e-04  1.94771057e-14  1.92523237e-04  0.00000000e+00 
 1.92723237e-04 -1.88970803e-14  1.92723237e-04  0.00000000e+00 
 1.92923237e-04  1.82339986e-14  1.92923237e-04  0.00000000e+00 
 1.93123237e-04 -1.76005010e-14  1.93123237e-04  0.00000000e+00 
 1.93323237e-04  1.70591340e-14  1.93323237e-04  0.00000000e+00 
 1.93523237e-04 -1.64917402e-14  1.93523237e-04  0.00000000e+00 
 1.93723237e-04  1.59146050e-14  1.93723237e-04  0.00000000e+00 
 1.93923237e-04 -1.54043679e-14  1.93923237e-04  0.00000000e+00 
 1.94123237e-04  1.49062694e-14  1.94123237e-04  0.00000000e+00 
 1.94323237e-04 -1.43921511e-14  1.94323237e-04  0.00000000e+00 
 1.94523237e-04  1.39161651e-14  1.94523237e-04  0.00000000e+00 
 1.94723237e-04 -1.34685102e-14  1.94723237e-04  0.00000000e+00 
 1.94923237e-04  1.30134243e-14  1.94923237e-04  0.00000000e+00 
 1.95123237e-04 -1.25762306e-14  1.95123237e-04  0.00000000e+00 
 1.95323237e-04  1.21684052e-14  1.95323237e-04  0.00000000e+00 
 1.95523237e-04 -1.17640179e-14  1.95523237e-04  0.00000000e+00 
 1.95723237e-04  1.13675519e-14  1.95723237e-04  0.00000000e+00 
 1.95923237e-04 -1.09946146e-14  1.95923237e-04  0.00000000e+00 
 1.96123237e-04  1.06324777e-14  1.96123237e-04  0.00000000e+00 
 1.96323237e-04 -1.02755627e-14  1.96323237e-04  0.00000000e+00 
 1.96523237e-04  9.93530097e-15  1.96523237e-04  0.00000000e+00 
 1.96723237e-04 -9.60871421e-15  1.96723237e-04  0.00000000e+00 
 1.96923237e-04  9.28812509e-15  1.96923237e-04  0.00000000e+00 
 1.97123237e-04 -8.97901855e-15  1.97123237e-04  0.00000000e+00 
 1.97323237e-04  8.68325751e-15  1.97323237e-04  0.00000000e+00 
 1.97523237e-04 -8.39500839e-15  1.97523237e-04  0.00000000e+00 
 1.97723237e-04  8.11528249e-15  1.97723237e-04  0.00000000e+00 
 1.97923237e-04 -7.84708107e-15  1.97923237e-04  0.00000000e+00 
 1.98123237e-04  7.58732224e-15  1.98123237e-04  0.00000000e+00 
 1.98323237e-04 -7.33476859e-15  1.98323237e-04  0.00000000e+00 
 1.98523237e-04  7.09168332e-15  1.98523237e-04  0.00000000e+00 
 1.98723237e-04 -6.85710570e-15  1.98723237e-04  0.00000000e+00 
 1.98923237e-04  6.62926272e-15  1.98923237e-04  0.00000000e+00 
 1.99123237e-04 -6.40921150e-15  1.99123237e-04  0.00000000e+00 
 1.99323237e-04  6.19709870e-15  1.99323237e-04  0.00000000e+00 
 1.99523237e-04 -5.99150080e-15  1.99523237e-04  0.00000000e+00 
 1.99723237e-04  5.79253023e-15  1.99723237e-04  0.00000000e+00 
 1.99861618e-04 -5.51644069e-15  1.99861618e-04  0.00000000e+00 
 2.00000000e-04  5.25474784e-15  2.00000000e-04  0.00000000e+00 
