 0.00000000e+00  0.00000000e+00  0.00000000e+00  0.00000000e+00 
 1.00000000e-09  0.00000000e+00  1.00000000e-09  0.00000000e+00 
 2.00000000e-09  0.00000000e+00  2.00000000e-09  0.00000000e+00 
 4.00000000e-09  0.00000000e+00  4.00000000e-09  0.00000000e+00 
 8.00000000e-09  0.00000000e+00  8.00000000e-09  0.00000000e+00 
 1.60000000e-08  0.00000000e+00  1.60000000e-08  0.00000000e+00 
 3.20000000e-08  0.00000000e+00  3.20000000e-08  0.00000000e+00 
 6.40000000e-08  0.00000000e+00  6.40000000e-08  0.00000000e+00 
 1.28000000e-07  0.00000000e+00  1.28000000e-07  0.00000000e+00 
 2.28000000e-07  0.00000000e+00  2.28000000e-07  0.00000000e+00 
 3.28000000e-07  0.00000000e+00  3.28000000e-07  0.00000000e+00 
 4.28000000e-07  0.00000000e+00  4.28000000e-07  0.00000000e+00 
 5.28000000e-07  0.00000000e+00  5.28000000e-07  0.00000000e+00 
 6.28000000e-07  0.00000000e+00  6.28000000e-07  0.00000000e+00 
 7.28000000e-07  0.00000000e+00  7.28000000e-07  0.00000000e+00 
 8.28000000e-07  0.00000000e+00  8.28000000e-07  0.00000000e+00 
 9.28000000e-07  0.00000000e+00  9.28000000e-07  0.00000000e+00 
 1.02800000e-06  0.00000000e+00  1.02800000e-06  0.00000000e+00 
 1.12800000e-06  0.00000000e+00  1.12800000e-06  0.00000000e+00 
 1.22800000e-06  0.00000000e+00  1.22800000e-06  0.00000000e+00 
 1.32800000e-06  0.00000000e+00  1.32800000e-06  0.00000000e+00 
 1.42800000e-06  0.00000000e+00  1.42800000e-06  0.00000000e+00 
 1.52800000e-06  0.00000000e+00  1.52800000e-06  0.00000000e+00 
 1.62800000e-06  0.00000000e+00  1.62800000e-06  0.00000000e+00 
 1.72800000e-06  0.00000000e+00  1.72800000e-06  0.00000000e+00 
 1.82800000e-06  0.00000000e+00  1.82800000e-06  0.00000000e+00 
 1.92800000e-06  0.00000000e+00  1.92800000e-06  0.00000000e+00 
 2.02800000e-06  0.00000000e+00  2.02800000e-06  0.00000000e+00 
 2.12800000e-06  0.00000000e+00  2.12800000e-06  0.00000000e+00 
 2.22800000e-06  0.00000000e+00  2.22800000e-06  0.00000000e+00 
 2.32800000e-06  0.00000000e+00  2.32800000e-06  0.00000000e+00 
 2.42800000e-06  0.00000000e+00  2.42800000e-06  0.00000000e+00 
 2.52800000e-06  0.00000000e+00  2.52800000e-06  0.00000000e+00 
 2.62800000e-06  0.00000000e+00  2.62800000e-06  0.00000000e+00 
 2.72800000e-06  0.00000000e+00  2.72800000e-06  0.00000000e+00 
 2.82800000e-06  0.00000000e+00  2.82800000e-06  0.00000000e+00 
 2.92800000e-06  0.00000000e+00  2.92800000e-06  0.00000000e+00 
 3.02800000e-06  0.00000000e+00  3.02800000e-06  0.00000000e+00 
 3.12800000e-06  0.00000000e+00  3.12800000e-06  0.00000000e+00 
 3.22800000e-06  0.00000000e+00  3.22800000e-06  0.00000000e+00 
 3.32800000e-06  0.00000000e+00  3.32800000e-06  0.00000000e+00 
 3.42800000e-06  0.00000000e+00  3.42800000e-06  0.00000000e+00 
 3.52800000e-06  0.00000000e+00  3.52800000e-06  0.00000000e+00 
 3.62800000e-06  0.00000000e+00  3.62800000e-06  0.00000000e+00 
 3.72800000e-06  0.00000000e+00  3.72800000e-06  0.00000000e+00 
 3.82800000e-06  0.00000000e+00  3.82800000e-06  0.00000000e+00 
 3.92800000e-06  0.00000000e+00  3.92800000e-06  0.00000000e+00 
 4.02800000e-06  0.00000000e+00  4.02800000e-06  0.00000000e+00 
 4.12800000e-06  0.00000000e+00  4.12800000e-06  0.00000000e+00 
 4.22800000e-06  0.00000000e+00  4.22800000e-06  0.00000000e+00 
 4.32800000e-06  0.00000000e+00  4.32800000e-06  0.00000000e+00 
 4.42800000e-06  0.00000000e+00  4.42800000e-06  0.00000000e+00 
 4.52800000e-06  0.00000000e+00  4.52800000e-06  0.00000000e+00 
 4.62800000e-06  0.00000000e+00  4.62800000e-06  0.00000000e+00 
 4.72800000e-06  0.00000000e+00  4.72800000e-06  0.00000000e+00 
 4.82800000e-06  0.00000000e+00  4.82800000e-06  0.00000000e+00 
 4.92800000e-06  0.00000000e+00  4.92800000e-06  0.00000000e+00 
 5.02800000e-06  0.00000000e+00  5.02800000e-06  0.00000000e+00 
 5.12800000e-06  0.00000000e+00  5.12800000e-06  0.00000000e+00 
 5.22800000e-06  0.00000000e+00  5.22800000e-06  0.00000000e+00 
 5.32800000e-06  0.00000000e+00  5.32800000e-06  0.00000000e+00 
 5.42800000e-06  0.00000000e+00  5.42800000e-06  0.00000000e+00 
 5.52800000e-06  0.00000000e+00  5.52800000e-06  0.00000000e+00 
 5.62800000e-06  0.00000000e+00  5.62800000e-06  0.00000000e+00 
 5.72800000e-06  0.00000000e+00  5.72800000e-06  0.00000000e+00 
 5.82800000e-06  0.00000000e+00  5.82800000e-06  0.00000000e+00 
 5.92800000e-06  0.00000000e+00  5.92800000e-06  0.00000000e+00 
 6.02800000e-06  0.00000000e+00  6.02800000e-06  0.00000000e+00 
 6.12800000e-06  0.00000000e+00  6.12800000e-06  0.00000000e+00 
 6.22800000e-06  0.00000000e+00  6.22800000e-06  0.00000000e+00 
 6.32800000e-06  0.00000000e+00  6.32800000e-06  0.00000000e+00 
 6.42800000e-06  0.00000000e+00  6.42800000e-06  0.00000000e+00 
 6.52800000e-06  0.00000000e+00  6.52800000e-06  0.00000000e+00 
 6.62800000e-06  0.00000000e+00  6.62800000e-06  0.00000000e+00 
 6.72800000e-06  0.00000000e+00  6.72800000e-06  0.00000000e+00 
 6.82800000e-06  0.00000000e+00  6.82800000e-06  0.00000000e+00 
 6.92800000e-06  0.00000000e+00  6.92800000e-06  0.00000000e+00 
 7.02800000e-06  0.00000000e+00  7.02800000e-06  0.00000000e+00 
 7.12800000e-06  0.00000000e+00  7.12800000e-06  0.00000000e+00 
 7.22800000e-06  0.00000000e+00  7.22800000e-06  0.00000000e+00 
 7.32800000e-06  0.00000000e+00  7.32800000e-06  0.00000000e+00 
 7.42800000e-06  0.00000000e+00  7.42800000e-06  0.00000000e+00 
 7.52800000e-06  0.00000000e+00  7.52800000e-06  0.00000000e+00 
 7.62800000e-06  0.00000000e+00  7.62800000e-06  0.00000000e+00 
 7.72800000e-06  0.00000000e+00  7.72800000e-06  0.00000000e+00 
 7.82800000e-06  0.00000000e+00  7.82800000e-06  0.00000000e+00 
 7.92800000e-06  0.00000000e+00  7.92800000e-06  0.00000000e+00 
 8.02800000e-06  0.00000000e+00  8.02800000e-06  0.00000000e+00 
 8.12800000e-06  0.00000000e+00  8.12800000e-06  0.00000000e+00 
 8.22800000e-06  0.00000000e+00  8.22800000e-06  0.00000000e+00 
 8.32800000e-06  0.00000000e+00  8.32800000e-06  0.00000000e+00 
 8.42800000e-06  0.00000000e+00  8.42800000e-06  0.00000000e+00 
 8.52800000e-06  0.00000000e+00  8.52800000e-06  0.00000000e+00 
 8.62800000e-06  0.00000000e+00  8.62800000e-06  0.00000000e+00 
 8.72800000e-06  0.00000000e+00  8.72800000e-06  0.00000000e+00 
 8.82800000e-06  0.00000000e+00  8.82800000e-06  0.00000000e+00 
 8.92800000e-06  0.00000000e+00  8.92800000e-06  0.00000000e+00 
 9.02800000e-06  0.00000000e+00  9.02800000e-06  0.00000000e+00 
 9.12800000e-06  0.00000000e+00  9.12800000e-06  0.00000000e+00 
 9.22800000e-06  0.00000000e+00  9.22800000e-06  0.00000000e+00 
 9.32800000e-06  0.00000000e+00  9.32800000e-06  0.00000000e+00 
 9.42800000e-06  0.00000000e+00  9.42800000e-06  0.00000000e+00 
 9.52800000e-06  0.00000000e+00  9.52800000e-06  0.00000000e+00 
 9.62800000e-06  0.00000000e+00  9.62800000e-06  0.00000000e+00 
 9.72800000e-06  0.00000000e+00  9.72800000e-06  0.00000000e+00 
 9.82800000e-06  0.00000000e+00  9.82800000e-06  0.00000000e+00 
 9.91400000e-06  0.00000000e+00  9.91400000e-06  0.00000000e+00 
 1.00000000e-05  0.00000000e+00  1.00000000e-05  0.00000000e+00 
 1.00013440e-05  8.18704176e-06  1.00013440e-05  2.68800000e-03 
 1.00040320e-05  6.20905114e-05  1.00040320e-05  8.06400000e-03 
 1.00085114e-05  4.58270204e-04  1.00085114e-05  1.70227815e-02 
 1.00126107e-05  1.33413265e-03  1.00126107e-05  2.52213148e-02 
 1.00204170e-05  4.65698291e-03  1.00204170e-05  4.08340001e-02 
 1.00360297e-05  1.71954163e-02  1.00360297e-05  7.20593706e-02 
 1.00672551e-05  5.83826590e-02  1.00672551e-05  1.34510112e-01 
 1.01082725e-05  1.29366366e-01  1.01082725e-05  2.16544936e-01 
 1.01744252e-05  2.57016307e-01  1.01744252e-05  3.48850437e-01 
 1.02744252e-05  4.57383589e-01  1.02744252e-05  5.48850437e-01 
 1.03744252e-05  6.57064613e-01  1.03744252e-05  7.48850437e-01 
 1.04744252e-05  8.56946169e-01  1.04744252e-05  9.48850437e-01 
 1.05744252e-05  1.05708339e+00  1.05744252e-05  1.14885044e+00 
 1.06744252e-05  1.25696494e+00  1.06744252e-05  1.34885044e+00 
 1.07744252e-05  1.45705584e+00  1.07744252e-05  1.54885044e+00 
 1.08744252e-05  1.65697995e+00  1.08744252e-05  1.74885044e+00 
 1.09372126e-05  1.78115705e+00  1.09372126e-05  1.87442522e+00 
 1.10000000e-05  1.90745600e+00  1.10000000e-05  2.00000000e+00 
 1.10100000e-05  1.92443602e+00  1.10100000e-05  2.00000000e+00 
 1.10300000e-05  1.95398252e+00  1.10300000e-05  2.00000000e+00 
 1.10700000e-05  1.98594370e+00  1.10700000e-05  2.00000000e+00 
 1.11500000e-05  2.00280731e+00  1.11500000e-05  2.00000000e+00 
 1.12500000e-05  1.99982495e+00  1.12500000e-05  2.00000000e+00 
 1.13500000e-05  1.99938350e+00  1.13500000e-05  2.00000000e+00 
 1.14500000e-05  2.00054409e+00  1.14500000e-05  2.00000000e+00 
 1.15500000e-05  1.99951891e+00  1.15500000e-05  2.00000000e+00 
 1.16500000e-05  2.00034659e+00  1.16500000e-05  2.00000000e+00 
 1.17500000e-05  1.99968669e+00  1.17500000e-05  2.00000000e+00 
 1.18500000e-05  2.00021241e+00  1.18500000e-05  2.00000000e+00 
 1.19500000e-05  1.99979304e+00  1.19500000e-05  2.00000000e+00 
 1.20500000e-05  2.00012820e+00  1.20500000e-05  2.00000000e+00 
 1.21500000e-05  1.99985973e+00  1.21500000e-05  2.00000000e+00 
 1.22500000e-05  2.00007535e+00  1.22500000e-05  2.00000000e+00 
 1.23500000e-05  1.99990165e+00  1.23500000e-05  2.00000000e+00 
 1.24500000e-05  2.00004208e+00  1.24500000e-05  2.00000000e+00 
 1.25500000e-05  1.99992809e+00  1.25500000e-05  2.00000000e+00 
 1.26500000e-05  2.00002103e+00  1.26500000e-05  2.00000000e+00 
 1.27500000e-05  1.99994487e+00  1.27500000e-05  2.00000000e+00 
 1.28500000e-05  2.00000764e+00  1.28500000e-05  2.00000000e+00 
 1.29500000e-05  1.99995558e+00  1.29500000e-05  2.00000000e+00 
 1.30500000e-05  1.99999904e+00  1.30500000e-05  2.00000000e+00 
 1.31500000e-05  1.99996250e+00  1.31500000e-05  2.00000000e+00 
 1.32500000e-05  1.99999346e+00  1.32500000e-05  2.00000000e+00 
 1.33500000e-05  1.99996702e+00  1.33500000e-05  2.00000000e+00 
 1.34500000e-05  1.99998978e+00  1.34500000e-05  2.00000000e+00 
 1.35500000e-05  1.99997003e+00  1.35500000e-05  2.00000000e+00 
 1.36500000e-05  1.99998731e+00  1.36500000e-05  2.00000000e+00 
 1.37500000e-05  1.99997207e+00  1.37500000e-05  2.00000000e+00 
 1.38500000e-05  1.99998561e+00  1.38500000e-05  2.00000000e+00 
 1.39500000e-05  1.99997349e+00  1.39500000e-05  2.00000000e+00 
 1.40500000e-05  1.99998441e+00  1.40500000e-05  2.00000000e+00 
 1.41500000e-05  1.99997452e+00  1.41500000e-05  2.00000000e+00 
 1.42500000e-05  1.99998353e+00  1.42500000e-05  2.00000000e+00 
 1.43500000e-05  1.99997528e+00  1.43500000e-05  2.00000000e+00 
 1.44500000e-05  1.99998287e+00  1.44500000e-05  2.00000000e+00 
 1.45500000e-05  1.99997586e+00  1.45500000e-05  2.00000000e+00 
 1.46500000e-05  1.99998235e+00  1.46500000e-05  2.00000000e+00 
 1.47500000e-05  1.99997632e+00  1.47500000e-05  2.00000000e+00 
 1.48500000e-05  1.99998194e+00  1.48500000e-05  2.00000000e+00 
 1.49500000e-05  1.99997669e+00  1.49500000e-05  2.00000000e+00 
 1.50500000e-05  1.99998160e+00  1.50500000e-05  2.00000000e+00 
 1.51500000e-05  1.99997700e+00  1.51500000e-05  2.00000000e+00 
 1.52500000e-05  1.99998132e+00  1.52500000e-05  2.00000000e+00 
 1.53500000e-05  1.99997726e+00  1.53500000e-05  2.00000000e+00 
 1.54500000e-05  1.99998107e+00  1.54500000e-05  2.00000000e+00 
 1.55500000e-05  1.99997749e+00  1.55500000e-05  2.00000000e+00 
 1.56500000e-05  1.99998087e+00  1.56500000e-05  2.00000000e+00 
 1.57500000e-05  1.99997768e+00  1.57500000e-05  2.00000000e+00 
 1.58500000e-05  1.99998068e+00  1.58500000e-05  2.00000000e+00 
 1.59500000e-05  1.99997785e+00  1.59500000e-05  2.00000000e+00 
 1.60500000e-05  1.99998052e+00  1.60500000e-05  2.00000000e+00 
 1.61500000e-05  1.99997800e+00  1.61500000e-05  2.00000000e+00 
 1.62500000e-05  1.99998038e+00  1.62500000e-05  2.00000000e+00 
 1.63500000e-05  1.99997814e+00  1.63500000e-05  2.00000000e+00 
 1.64500000e-05  1.99998026e+00  1.64500000e-05  2.00000000e+00 
 1.65500000e-05  1.99997825e+00  1.65500000e-05  2.00000000e+00 
 1.66500000e-05  1.99998015e+00  1.66500000e-05  2.00000000e+00 
 1.67500000e-05  1.99997836e+00  1.67500000e-05  2.00000000e+00 
 1.68500000e-05  1.99998005e+00  1.68500000e-05  2.00000000e+00 
 1.69500000e-05  1.99997845e+00  1.69500000e-05  2.00000000e+00 
 1.70500000e-05  1.99997996e+00  1.70500000e-05  2.00000000e+00 
 1.71500000e-05  1.99997853e+00  1.71500000e-05  2.00000000e+00 
 1.72500000e-05  1.99997988e+00  1.72500000e-05  2.00000000e+00 
 1.73500000e-05  1.99997861e+00  1.73500000e-05  2.00000000e+00 
 1.74500000e-05  1.99997981e+00  1.74500000e-05  2.00000000e+00 
 1.75500000e-05  1.99997867e+00  1.75500000e-05  2.00000000e+00 
 1.76500000e-05  1.99997975e+00  1.76500000e-05  2.00000000e+00 
 1.77500000e-05  1.99997873e+00  1.77500000e-05  2.00000000e+00 
 1.78500000e-05  1.99997969e+00  1.78500000e-05  2.00000000e+00 
 1.79500000e-05  1.99997879e+00  1.79500000e-05  2.00000000e+00 
 1.80500000e-05  1.99997964e+00  1.80500000e-05  2.00000000e+00 
 1.81500000e-05  1.99997883e+00  1.81500000e-05  2.00000000e+00 
 1.82500000e-05  1.99997960e+00  1.82500000e-05  2.00000000e+00 
 1.83500000e-05  1.99997888e+00  1.83500000e-05  2.00000000e+00 
 1.84500000e-05  1.99997956e+00  1.84500000e-05  2.00000000e+00 
 1.85500000e-05  1.99997891e+00  1.85500000e-05  2.00000000e+00 
 1.86500000e-05  1.99997952e+00  1.86500000e-05  2.00000000e+00 
 1.87500000e-05  1.99997895e+00  1.87500000e-05  2.00000000e+00 
 1.88500000e-05  1.99997949e+00  1.88500000e-05  2.00000000e+00 
 1.89500000e-05  1.99997898e+00  1.89500000e-05  2.00000000e+00 
 1.90500000e-05  1.99997946e+00  1.90500000e-05  2.00000000e+00 
 1.91500000e-05  1.99997900e+00  1.91500000e-05  2.00000000e+00 
 1.92500000e-05  1.99997944e+00  1.92500000e-05  2.00000000e+00 
 1.93500000e-05  1.99997903e+00  1.93500000e-05  2.00000000e+00 
 1.94500000e-05  1.99997941e+00  1.94500000e-05  2.00000000e+00 
 1.95500000e-05  1.99997905e+00  1.95500000e-05  2.00000000e+00 
 1.96500000e-05  1.99997939e+00  1.96500000e-05  2.00000000e+00 
 1.97500000e-05  1.99997907e+00  1.97500000e-05  2.00000000e+00 
 1.98500000e-05  1.99997938e+00  1.98500000e-05  2.00000000e+00 
 1.99500000e-05  1.99997908e+00  1.99500000e-05  2.00000000e+00 
 2.00500000e-05  1.99997936e+00  2.00500000e-05  2.00000000e+00 
 2.01500000e-05  1.99997910e+00  2.01500000e-05  2.00000000e+00 
 2.02500000e-05  1.99997935e+00  2.02500000e-05  2.00000000e+00 
 2.03500000e-05  1.99997911e+00  2.03500000e-05  2.00000000e+00 
 2.04500000e-05  1.99997933e+00  2.04500000e-05  2.00000000e+00 
 2.05500000e-05  1.99997912e+00  2.05500000e-05  2.00000000e+00 
 2.06500000e-05  1.99997932e+00  2.06500000e-05  2.00000000e+00 
 2.07500000e-05  1.99997914e+00  2.07500000e-05  2.00000000e+00 
 2.08500000e-05  1.99997931e+00  2.08500000e-05  2.00000000e+00 
 2.09500000e-05  1.99997915e+00  2.09500000e-05  2.00000000e+00 
 2.10500000e-05  1.99997930e+00  2.10500000e-05  2.00000000e+00 
 2.11500000e-05  1.99997915e+00  2.11500000e-05  2.00000000e+00 
 2.12500000e-05  1.99997929e+00  2.12500000e-05  2.00000000e+00 
 2.13500000e-05  1.99997916e+00  2.13500000e-05  2.00000000e+00 
 2.14500000e-05  1.99997929e+00  2.14500000e-05  2.00000000e+00 
 2.15500000e-05  1.99997917e+00  2.15500000e-05  2.00000000e+00 
 2.16500000e-05  1.99997928e+00  2.16500000e-05  2.00000000e+00 
 2.17500000e-05  1.99997917e+00  2.17500000e-05  2.00000000e+00 
 2.18500000e-05  1.99997927e+00  2.18500000e-05  2.00000000e+00 
 2.19500000e-05  1.99997918e+00  2.19500000e-05  2.00000000e+00 
 2.20500000e-05  1.99997927e+00  2.20500000e-05  2.00000000e+00 
 2.21500000e-05  1.99997919e+00  2.21500000e-05  2.00000000e+00 
 2.22500000e-05  1.99997926e+00  2.22500000e-05  2.00000000e+00 
 2.23500000e-05  1.99997919e+00  2.23500000e-05  2.00000000e+00 
 2.24500000e-05  1.99997926e+00  2.24500000e-05  2.00000000e+00 
 2.25500000e-05  1.99997919e+00  2.25500000e-05  2.00000000e+00 
 2.26500000e-05  1.99997926e+00  2.26500000e-05  2.00000000e+00 
 2.27500000e-05  1.99997920e+00  2.27500000e-05  2.00000000e+00 
 2.28500000e-05  1.99997925e+00  2.28500000e-05  2.00000000e+00 
 2.29500000e-05  1.99997920e+00  2.29500000e-05  2.00000000e+00 
 2.30500000e-05  1.99997925e+00  2.30500000e-05  2.00000000e+00 
 2.31500000e-05  1.99997920e+00  2.31500000e-05  2.00000000e+00 
 2.32500000e-05  1.99997925e+00  2.32500000e-05  2.00000000e+00 
 2.33500000e-05  1.99997921e+00  2.33500000e-05  2.00000000e+00 
 2.34500000e-05  1.99997925e+00  2.34500000e-05  2.00000000e+00 
 2.35500000e-05  1.99997921e+00  2.35500000e-05  2.00000000e+00 
 2.36500000e-05  1.99997924e+00  2.36500000e-05  2.00000000e+00 
 2.37500000e-05  1.99997921e+00  2.37500000e-05  2.00000000e+00 
 2.38500000e-05  1.99997924e+00  2.38500000e-05  2.00000000e+00 
 2.39500000e-05  1.99997921e+00  2.39500000e-05  2.00000000e+00 
 2.40500000e-05  1.99997924e+00  2.40500000e-05  2.00000000e+00 
 2.41500000e-05  1.99997921e+00  2.41500000e-05  2.00000000e+00 
 2.42500000e-05  1.99997924e+00  2.42500000e-05  2.00000000e+00 
 2.43500000e-05  1.99997921e+00  2.43500000e-05  2.00000000e+00 
 2.44500000e-05  1.99997924e+00  2.44500000e-05  2.00000000e+00 
 2.45500000e-05  1.99997922e+00  2.45500000e-05  2.00000000e+00 
 2.46500000e-05  1.99997924e+00  2.46500000e-05  2.00000000e+00 
 2.47500000e-05  1.99997922e+00  2.47500000e-05  2.00000000e+00 
 2.48500000e-05  1.99997924e+00  2.48500000e-05  2.00000000e+00 
 2.49500000e-05  1.99997922e+00  2.49500000e-05  2.00000000e+00 
 2.50500000e-05  1.99997923e+00  2.50500000e-05  2.00000000e+00 
 2.51500000e-05  1.99997922e+00  2.51500000e-05  2.00000000e+00 
 2.52500000e-05  1.99997923e+00  2.52500000e-05  2.00000000e+00 
 2.53500000e-05  1.99997922e+00  2.53500000e-05  2.00000000e+00 
 2.54500000e-05  1.99997923e+00  2.54500000e-05  2.00000000e+00 
 2.55500000e-05  1.99997922e+00  2.55500000e-05  2.00000000e+00 
 2.56500000e-05  1.99997923e+00  2.56500000e-05  2.00000000e+00 
 2.57500000e-05  1.99997922e+00  2.57500000e-05  2.00000000e+00 
 2.58500000e-05  1.99997923e+00  2.58500000e-05  2.00000000e+00 
 2.59500000e-05  1.99997922e+00  2.59500000e-05  2.00000000e+00 
 2.60500000e-05  1.99997923e+00  2.60500000e-05  2.00000000e+00 
 2.61500000e-05  1.99997922e+00  2.61500000e-05  2.00000000e+00 
 2.62500000e-05  1.99997923e+00  2.62500000e-05  2.00000000e+00 
 2.63500000e-05  1.99997922e+00  2.63500000e-05  2.00000000e+00 
 2.64500000e-05  1.99997923e+00  2.64500000e-05  2.00000000e+00 
 2.65500000e-05  1.99997922e+00  2.65500000e-05  2.00000000e+00 
 2.66500000e-05  1.99997923e+00  2.66500000e-05  2.00000000e+00 
 2.67500000e-05  1.99997922e+00  2.67500000e-05  2.00000000e+00 
 2.68500000e-05  1.99997923e+00  2.68500000e-05  2.00000000e+00 
 2.69500000e-05  1.99997922e+00  2.69500000e-05  2.00000000e+00 
 2.70500000e-05  1.99997923e+00  2.70500000e-05  2.00000000e+00 
 2.71500000e-05  1.99997922e+00  2.71500000e-05  2.00000000e+00 
 2.72500000e-05  1.99997923e+00  2.72500000e-05  2.00000000e+00 
 2.73500000e-05  1.99997922e+00  2.73500000e-05  2.00000000e+00 
 2.74500000e-05  1.99997923e+00  2.74500000e-05  2.00000000e+00 
 2.75500000e-05  1.99997922e+00  2.75500000e-05  2.00000000e+00 
 2.76500000e-05  1.99997923e+00  2.76500000e-05  2.00000000e+00 
 2.77500000e-05  1.99997922e+00  2.77500000e-05  2.00000000e+00 
 2.78500000e-05  1.99997923e+00  2.78500000e-05  2.00000000e+00 
 2.79500000e-05  1.99997922e+00  2.79500000e-05  2.00000000e+00 
 2.80500000e-05  1.99997923e+00  2.80500000e-05  2.00000000e+00 
 2.81500000e-05  1.99997922e+00  2.81500000e-05  2.00000000e+00 
 2.82500000e-05  1.99997923e+00  2.82500000e-05  2.00000000e+00 
 2.83500000e-05  1.99997922e+00  2.83500000e-05  2.00000000e+00 
 2.84500000e-05  1.99997923e+00  2.84500000e-05  2.00000000e+00 
 2.85500000e-05  1.99997923e+00  2.85500000e-05  2.00000000e+00 
 2.86500000e-05  1.99997923e+00  2.86500000e-05  2.00000000e+00 
 2.87500000e-05  1.99997923e+00  2.87500000e-05  2.00000000e+00 
 2.88500000e-05  1.99997923e+00  2.88500000e-05  2.00000000e+00 
 2.89500000e-05  1.99997923e+00  2.89500000e-05  2.00000000e+00 
 2.90500000e-05  1.99997923e+00  2.90500000e-05  2.00000000e+00 
 2.91500000e-05  1.99997923e+00  2.91500000e-05  2.00000000e+00 
 2.92500000e-05  1.99997923e+00  2.92500000e-05  2.00000000e+00 
 2.93500000e-05  1.99997923e+00  2.93500000e-05  2.00000000e+00 
 2.94500000e-05  1.99997923e+00  2.94500000e-05  2.00000000e+00 
 2.95500000e-05  1.99997923e+00  2.95500000e-05  2.00000000e+00 
 2.96500000e-05  1.99997923e+00  2.96500000e-05  2.00000000e+00 
 2.97500000e-05  1.99997923e+00  2.97500000e-05  2.00000000e+00 
 2.98500000e-05  1.99997923e+00  2.98500000e-05  2.00000000e+00 
 2.99500000e-05  1.99997923e+00  2.99500000e-05  2.00000000e+00 
 3.00500000e-05  1.99997923e+00  3.00500000e-05  2.00000000e+00 
 3.01500000e-05  1.99997923e+00  3.01500000e-05  2.00000000e+00 
 3.02500000e-05  1.99997923e+00  3.02500000e-05  2.00000000e+00 
 3.03500000e-05  1.99997923e+00  3.03500000e-05  2.00000000e+00 
 3.04500000e-05  1.99997923e+00  3.04500000e-05  2.00000000e+00 
 3.05500000e-05  1.99997923e+00  3.05500000e-05  2.00000000e+00 
 3.06500000e-05  1.99997923e+00  3.06500000e-05  2.00000000e+00 
 3.07500000e-05  1.99997923e+00  3.07500000e-05  2.00000000e+00 
 3.08500000e-05  1.99997923e+00  3.08500000e-05  2.00000000e+00 
 3.09500000e-05  1.99997923e+00  3.09500000e-05  2.00000000e+00 
 3.10500000e-05  1.99997923e+00  3.10500000e-05  2.00000000e+00 
 3.11500000e-05  1.99997923e+00  3.11500000e-05  2.00000000e+00 
 3.12500000e-05  1.99997923e+00  3.12500000e-05  2.00000000e+00 
 3.13500000e-05  1.99997923e+00  3.13500000e-05  2.00000000e+00 
 3.14500000e-05  1.99997923e+00  3.14500000e-05  2.00000000e+00 
 3.15500000e-05  1.99997923e+00  3.15500000e-05  2.00000000e+00 
 3.16500000e-05  1.99997923e+00  3.16500000e-05  2.00000000e+00 
 3.17500000e-05  1.99997923e+00  3.17500000e-05  2.00000000e+00 
 3.18500000e-05  1.99997923e+00  3.18500000e-05  2.00000000e+00 
 3.19500000e-05  1.99997923e+00  3.19500000e-05  2.00000000e+00 
 3.20500000e-05  1.99997923e+00  3.20500000e-05  2.00000000e+00 
 3.21500000e-05  1.99997923e+00  3.21500000e-05  2.00000000e+00 
 3.22500000e-05  1.99997923e+00  3.22500000e-05  2.00000000e+00 
 3.23500000e-05  1.99997923e+00  3.23500000e-05  2.00000000e+00 
 3.24500000e-05  1.99997923e+00  3.24500000e-05  2.00000000e+00 
 3.25500000e-05  1.99997923e+00  3.25500000e-05  2.00000000e+00 
 3.26500000e-05  1.99997923e+00  3.26500000e-05  2.00000000e+00 
 3.27500000e-05  1.99997923e+00  3.27500000e-05  2.00000000e+00 
 3.28500000e-05  1.99997923e+00  3.28500000e-05  2.00000000e+00 
 3.29500000e-05  1.99997923e+00  3.29500000e-05  2.00000000e+00 
 3.30500000e-05  1.99997923e+00  3.30500000e-05  2.00000000e+00 
 3.31500000e-05  1.99997923e+00  3.31500000e-05  2.00000000e+00 
 3.32500000e-05  1.99997923e+00  3.32500000e-05  2.00000000e+00 
 3.33500000e-05  1.99997923e+00  3.33500000e-05  2.00000000e+00 
 3.34500000e-05  1.99997923e+00  3.34500000e-05  2.00000000e+00 
 3.35500000e-05  1.99997923e+00  3.35500000e-05  2.00000000e+00 
 3.36500000e-05  1.99997923e+00  3.36500000e-05  2.00000000e+00 
 3.37500000e-05  1.99997923e+00  3.37500000e-05  2.00000000e+00 
 3.38500000e-05  1.99997923e+00  3.38500000e-05  2.00000000e+00 
 3.39500000e-05  1.99997923e+00  3.39500000e-05  2.00000000e+00 
 3.40500000e-05  1.99997923e+00  3.40500000e-05  2.00000000e+00 
 3.41500000e-05  1.99997923e+00  3.41500000e-05  2.00000000e+00 
 3.42500000e-05  1.99997923e+00  3.42500000e-05  2.00000000e+00 
 3.43500000e-05  1.99997923e+00  3.43500000e-05  2.00000000e+00 
 3.44500000e-05  1.99997923e+00  3.44500000e-05  2.00000000e+00 
 3.45500000e-05  1.99997923e+00  3.45500000e-05  2.00000000e+00 
 3.46500000e-05  1.99997923e+00  3.46500000e-05  2.00000000e+00 
 3.47500000e-05  1.99997923e+00  3.47500000e-05  2.00000000e+00 
 3.48500000e-05  1.99997923e+00  3.48500000e-05  2.00000000e+00 
 3.49500000e-05  1.99997923e+00  3.49500000e-05  2.00000000e+00 
 3.50500000e-05  1.99997923e+00  3.50500000e-05  2.00000000e+00 
 3.51500000e-05  1.99997923e+00  3.51500000e-05  2.00000000e+00 
 3.52500000e-05  1.99997923e+00  3.52500000e-05  2.00000000e+00 
 3.53500000e-05  1.99997923e+00  3.53500000e-05  2.00000000e+00 
 3.54500000e-05  1.99997923e+00  3.54500000e-05  2.00000000e+00 
 3.55500000e-05  1.99997923e+00  3.55500000e-05  2.00000000e+00 
 3.56500000e-05  1.99997923e+00  3.56500000e-05  2.00000000e+00 
 3.57500000e-05  1.99997923e+00  3.57500000e-05  2.00000000e+00 
 3.58500000e-05  1.99997923e+00  3.58500000e-05  2.00000000e+00 
 3.59500000e-05  1.99997923e+00  3.59500000e-05  2.00000000e+00 
 3.60500000e-05  1.99997923e+00  3.60500000e-05  2.00000000e+00 
 3.61500000e-05  1.99997923e+00  3.61500000e-05  2.00000000e+00 
 3.62500000e-05  1.99997923e+00  3.62500000e-05  2.00000000e+00 
 3.63500000e-05  1.99997923e+00  3.63500000e-05  2.00000000e+00 
 3.64500000e-05  1.99997923e+00  3.64500000e-05  2.00000000e+00 
 3.65500000e-05  1.99997923e+00  3.65500000e-05  2.00000000e+00 
 3.66500000e-05  1.99997923e+00  3.66500000e-05  2.00000000e+00 
 3.67500000e-05  1.99997923e+00  3.67500000e-05  2.00000000e+00 
 3.68500000e-05  1.99997923e+00  3.68500000e-05  2.00000000e+00 
 3.69500000e-05  1.99997923e+00  3.69500000e-05  2.00000000e+00 
 3.70500000e-05  1.99997923e+00  3.70500000e-05  2.00000000e+00 
 3.71500000e-05  1.99997923e+00  3.71500000e-05  2.00000000e+00 
 3.72500000e-05  1.99997923e+00  3.72500000e-05  2.00000000e+00 
 3.73500000e-05  1.99997923e+00  3.73500000e-05  2.00000000e+00 
 3.74500000e-05  1.99997923e+00  3.74500000e-05  2.00000000e+00 
 3.75500000e-05  1.99997923e+00  3.75500000e-05  2.00000000e+00 
 3.76500000e-05  1.99997923e+00  3.76500000e-05  2.00000000e+00 
 3.77500000e-05  1.99997923e+00  3.77500000e-05  2.00000000e+00 
 3.78500000e-05  1.99997923e+00  3.78500000e-05  2.00000000e+00 
 3.79500000e-05  1.99997923e+00  3.79500000e-05  2.00000000e+00 
 3.80500000e-05  1.99997923e+00  3.80500000e-05  2.00000000e+00 
 3.81500000e-05  1.99997923e+00  3.81500000e-05  2.00000000e+00 
 3.82500000e-05  1.99997923e+00  3.82500000e-05  2.00000000e+00 
 3.83500000e-05  1.99997923e+00  3.83500000e-05  2.00000000e+00 
 3.84500000e-05  1.99997923e+00  3.84500000e-05  2.00000000e+00 
 3.85500000e-05  1.99997923e+00  3.85500000e-05  2.00000000e+00 
 3.86500000e-05  1.99997923e+00  3.86500000e-05  2.00000000e+00 
 3.87500000e-05  1.99997923e+00  3.87500000e-05  2.00000000e+00 
 3.88500000e-05  1.99997923e+00  3.88500000e-05  2.00000000e+00 
 3.89500000e-05  1.99997923e+00  3.89500000e-05  2.00000000e+00 
 3.90500000e-05  1.99997923e+00  3.90500000e-05  2.00000000e+00 
 3.91500000e-05  1.99997923e+00  3.91500000e-05  2.00000000e+00 
 3.92500000e-05  1.99997923e+00  3.92500000e-05  2.00000000e+00 
 3.93500000e-05  1.99997923e+00  3.93500000e-05  2.00000000e+00 
 3.94500000e-05  1.99997923e+00  3.94500000e-05  2.00000000e+00 
 3.95500000e-05  1.99997923e+00  3.95500000e-05  2.00000000e+00 
 3.96500000e-05  1.99997923e+00  3.96500000e-05  2.00000000e+00 
 3.97500000e-05  1.99997923e+00  3.97500000e-05  2.00000000e+00 
 3.98500000e-05  1.99997923e+00  3.98500000e-05  2.00000000e+00 
 3.99500000e-05  1.99997923e+00  3.99500000e-05  2.00000000e+00 
 4.00500000e-05  1.99997923e+00  4.00500000e-05  2.00000000e+00 
 4.01500000e-05  1.99997923e+00  4.01500000e-05  2.00000000e+00 
 4.02500000e-05  1.99997923e+00  4.02500000e-05  2.00000000e+00 
 4.03500000e-05  1.99997923e+00  4.03500000e-05  2.00000000e+00 
 4.04500000e-05  1.99997923e+00  4.04500000e-05  2.00000000e+00 
 4.05500000e-05  1.99997923e+00  4.05500000e-05  2.00000000e+00 
 4.06500000e-05  1.99997923e+00  4.06500000e-05  2.00000000e+00 
 4.07500000e-05  1.99997923e+00  4.07500000e-05  2.00000000e+00 
 4.08500000e-05  1.99997923e+00  4.08500000e-05  2.00000000e+00 
 4.09500000e-05  1.99997923e+00  4.09500000e-05  2.00000000e+00 
 4.10500000e-05  1.99997923e+00  4.10500000e-05  2.00000000e+00 
 4.11500000e-05  1.99997923e+00  4.11500000e-05  2.00000000e+00 
 4.12500000e-05  1.99997923e+00  4.12500000e-05  2.00000000e+00 
 4.13500000e-05  1.99997923e+00  4.13500000e-05  2.00000000e+00 
 4.14500000e-05  1.99997923e+00  4.14500000e-05  2.00000000e+00 
 4.15500000e-05  1.99997923e+00  4.15500000e-05  2.00000000e+00 
 4.16500000e-05  1.99997923e+00  4.16500000e-05  2.00000000e+00 
 4.17500000e-05  1.99997923e+00  4.17500000e-05  2.00000000e+00 
 4.18500000e-05  1.99997923e+00  4.18500000e-05  2.00000000e+00 
 4.19500000e-05  1.99997923e+00  4.19500000e-05  2.00000000e+00 
 4.20500000e-05  1.99997923e+00  4.20500000e-05  2.00000000e+00 
 4.21500000e-05  1.99997923e+00  4.21500000e-05  2.00000000e+00 
 4.22500000e-05  1.99997923e+00  4.22500000e-05  2.00000000e+00 
 4.23500000e-05  1.99997923e+00  4.23500000e-05  2.00000000e+00 
 4.24500000e-05  1.99997923e+00  4.24500000e-05  2.00000000e+00 
 4.25500000e-05  1.99997923e+00  4.25500000e-05  2.00000000e+00 
 4.26500000e-05  1.99997923e+00  4.26500000e-05  2.00000000e+00 
 4.27500000e-05  1.99997923e+00  4.27500000e-05  2.00000000e+00 
 4.28500000e-05  1.99997923e+00  4.28500000e-05  2.00000000e+00 
 4.29500000e-05  1.99997923e+00  4.29500000e-05  2.00000000e+00 
 4.30500000e-05  1.99997923e+00  4.30500000e-05  2.00000000e+00 
 4.31500000e-05  1.99997923e+00  4.31500000e-05  2.00000000e+00 
 4.32500000e-05  1.99997923e+00  4.32500000e-05  2.00000000e+00 
 4.33500000e-05  1.99997923e+00  4.33500000e-05  2.00000000e+00 
 4.34500000e-05  1.99997923e+00  4.34500000e-05  2.00000000e+00 
 4.35500000e-05  1.99997923e+00  4.35500000e-05  2.00000000e+00 
 4.36500000e-05  1.99997923e+00  4.36500000e-05  2.00000000e+00 
 4.37500000e-05  1.99997923e+00  4.37500000e-05  2.00000000e+00 
 4.38500000e-05  1.99997923e+00  4.38500000e-05  2.00000000e+00 
 4.39500000e-05  1.99997923e+00  4.39500000e-05  2.00000000e+00 
 4.40500000e-05  1.99997923e+00  4.40500000e-05  2.00000000e+00 
 4.41500000e-05  1.99997923e+00  4.41500000e-05  2.00000000e+00 
 4.42500000e-05  1.99997923e+00  4.42500000e-05  2.00000000e+00 
 4.43500000e-05  1.99997923e+00  4.43500000e-05  2.00000000e+00 
 4.44500000e-05  1.99997923e+00  4.44500000e-05  2.00000000e+00 
 4.45500000e-05  1.99997923e+00  4.45500000e-05  2.00000000e+00 
 4.46500000e-05  1.99997923e+00  4.46500000e-05  2.00000000e+00 
 4.47500000e-05  1.99997923e+00  4.47500000e-05  2.00000000e+00 
 4.48500000e-05  1.99997923e+00  4.48500000e-05  2.00000000e+00 
 4.49500000e-05  1.99997923e+00  4.49500000e-05  2.00000000e+00 
 4.50500000e-05  1.99997923e+00  4.50500000e-05  2.00000000e+00 
 4.51500000e-05  1.99997923e+00  4.51500000e-05  2.00000000e+00 
 4.52500000e-05  1.99997923e+00  4.52500000e-05  2.00000000e+00 
 4.53500000e-05  1.99997923e+00  4.53500000e-05  2.00000000e+00 
 4.54500000e-05  1.99997923e+00  4.54500000e-05  2.00000000e+00 
 4.55500000e-05  1.99997923e+00  4.55500000e-05  2.00000000e+00 
 4.56500000e-05  1.99997923e+00  4.56500000e-05  2.00000000e+00 
 4.57500000e-05  1.99997923e+00  4.57500000e-05  2.00000000e+00 
 4.58500000e-05  1.99997923e+00  4.58500000e-05  2.00000000e+00 
 4.59500000e-05  1.99997923e+00  4.59500000e-05  2.00000000e+00 
 4.60500000e-05  1.99997923e+00  4.60500000e-05  2.00000000e+00 
 4.61500000e-05  1.99997923e+00  4.61500000e-05  2.00000000e+00 
 4.62500000e-05  1.99997923e+00  4.62500000e-05  2.00000000e+00 
 4.63500000e-05  1.99997923e+00  4.63500000e-05  2.00000000e+00 
 4.64500000e-05  1.99997923e+00  4.64500000e-05  2.00000000e+00 
 4.65500000e-05  1.99997923e+00  4.65500000e-05  2.00000000e+00 
 4.66500000e-05  1.99997923e+00  4.66500000e-05  2.00000000e+00 
 4.67500000e-05  1.99997923e+00  4.67500000e-05  2.00000000e+00 
 4.68500000e-05  1.99997923e+00  4.68500000e-05  2.00000000e+00 
 4.69500000e-05  1.99997923e+00  4.69500000e-05  2.00000000e+00 
 4.70500000e-05  1.99997923e+00  4.70500000e-05  2.00000000e+00 
 4.71500000e-05  1.99997923e+00  4.71500000e-05  2.00000000e+00 
 4.72500000e-05  1.99997923e+00  4.72500000e-05  2.00000000e+00 
 4.73500000e-05  1.99997923e+00  4.73500000e-05  2.00000000e+00 
 4.74500000e-05  1.99997923e+00  4.74500000e-05  2.00000000e+00 
 4.75500000e-05  1.99997923e+00  4.75500000e-05  2.00000000e+00 
 4.76500000e-05  1.99997923e+00  4.76500000e-05  2.00000000e+00 
 4.77500000e-05  1.99997923e+00  4.77500000e-05  2.00000000e+00 
 4.78500000e-05  1.99997923e+00  4.78500000e-05  2.00000000e+00 
 4.79500000e-05  1.99997923e+00  4.79500000e-05  2.00000000e+00 
 4.80500000e-05  1.99997923e+00  4.80500000e-05  2.00000000e+00 
 4.81500000e-05  1.99997923e+00  4.81500000e-05  2.00000000e+00 
 4.82500000e-05  1.99997923e+00  4.82500000e-05  2.00000000e+00 
 4.83500000e-05  1.99997923e+00  4.83500000e-05  2.00000000e+00 
 4.84500000e-05  1.99997923e+00  4.84500000e-05  2.00000000e+00 
 4.85500000e-05  1.99997923e+00  4.85500000e-05  2.00000000e+00 
 4.86500000e-05  1.99997923e+00  4.86500000e-05  2.00000000e+00 
 4.87500000e-05  1.99997923e+00  4.87500000e-05  2.00000000e+00 
 4.88500000e-05  1.99997923e+00  4.88500000e-05  2.00000000e+00 
 4.89500000e-05  1.99997923e+00  4.89500000e-05  2.00000000e+00 
 4.90500000e-05  1.99997923e+00  4.90500000e-05  2.00000000e+00 
 4.91500000e-05  1.99997923e+00  4.91500000e-05  2.00000000e+00 
 4.92500000e-05  1.99997923e+00  4.92500000e-05  2.00000000e+00 
 4.93500000e-05  1.99997923e+00  4.93500000e-05  2.00000000e+00 
 4.94500000e-05  1.99997923e+00  4.94500000e-05  2.00000000e+00 
 4.95500000e-05  1.99997923e+00  4.95500000e-05  2.00000000e+00 
 4.96500000e-05  1.99997923e+00  4.96500000e-05  2.00000000e+00 
 4.97500000e-05  1.99997923e+00  4.97500000e-05  2.00000000e+00 
 4.98500000e-05  1.99997923e+00  4.98500000e-05  2.00000000e+00 
 4.99500000e-05  1.99997923e+00  4.99500000e-05  2.00000000e+00 
 5.00500000e-05  1.99997923e+00  5.00500000e-05  2.00000000e+00 
 5.01500000e-05  1.99997923e+00  5.01500000e-05  2.00000000e+00 
 5.02500000e-05  1.99997923e+00  5.02500000e-05  2.00000000e+00 
 5.03500000e-05  1.99997923e+00  5.03500000e-05  2.00000000e+00 
 5.04500000e-05  1.99997923e+00  5.04500000e-05  2.00000000e+00 
 5.05500000e-05  1.99997923e+00  5.05500000e-05  2.00000000e+00 
 5.06500000e-05  1.99997923e+00  5.06500000e-05  2.00000000e+00 
 5.07500000e-05  1.99997923e+00  5.07500000e-05  2.00000000e+00 
 5.08500000e-05  1.99997923e+00  5.08500000e-05  2.00000000e+00 
 5.09250000e-05  1.99712482e+00  5.09250000e-05  2.00000000e+00 
 5.10000000e-05  1.99919863e+00  5.10000000e-05  2.00000000e+00 
 5.10100000e-05  1.99785993e+00  5.10100000e-05  1.98000000e+00 
 5.10300000e-05  1.98797294e+00  5.10300000e-05  1.94000000e+00 
 5.10700000e-05  1.93828418e+00  5.10700000e-05  1.86000000e+00 
 5.11500000e-05  1.79469041e+00  5.11500000e-05  1.70000000e+00 
 5.12500000e-05  1.59154626e+00  5.12500000e-05  1.50000000e+00 
 5.13500000e-05  1.39134787e+00  5.13500000e-05  1.30000000e+00 
 5.14500000e-05  1.19225560e+00  5.14500000e-05  1.10000000e+00 
 5.15500000e-05  9.91445678e-01  5.15500000e-05  9.00000000e-01 
 5.16500000e-05  7.92102190e-01  5.16500000e-05  7.00000000e-01 
 5.17500000e-05  5.91584998e-01  5.17500000e-05  5.00000000e-01 
 5.18500000e-05  3.91998220e-01  5.18500000e-05  3.00000000e-01 
 5.19250000e-05  2.41340161e-01  5.19250000e-05  1.50000000e-01 
 5.20000000e-05  9.20365885e-02  5.20000000e-05  0.00000000e+00 
 5.20100000e-05  7.43346094e-02  5.20100000e-05  0.00000000e+00 
 5.20300000e-05  4.47150137e-02  5.20300000e-05  0.00000000e+00 
 5.20700000e-05  1.40326458e-02  5.20700000e-05  0.00000000e+00 
 5.20920105e-05  7.95990349e-03  5.20920105e-05  0.00000000e+00 
 5.21116305e-05  4.69549329e-03  5.21116305e-05  0.00000000e+00 
 5.21345630e-05  2.55344919e-03  5.21345630e-05  0.00000000e+00 
 5.21594414e-05  1.31774473e-03  5.21594414e-05  0.00000000e+00 
 5.21863961e-05  6.30196895e-04  5.21863961e-05  0.00000000e+00 
 5.22125566e-05  3.15583267e-04  5.22125566e-05  0.00000000e+00 
 5.22383864e-05  1.56334563e-04  5.22383864e-05  0.00000000e+00 
 5.22623508e-05  8.38839909e-05  5.22623508e-05  0.00000000e+00 
 5.22881920e-05  4.08418733e-05  5.22881920e-05  0.00000000e+00 
 5.23141905e-05  2.09237395e-05  5.23141905e-05  0.00000000e+00 
 5.23395736e-05  1.00448546e-05  5.23395736e-05  0.00000000e+00 
 5.23652622e-05  5.44001691e-06  5.23652622e-05  0.00000000e+00 
 5.23913903e-05  2.39669882e-06  5.23913903e-05  0.00000000e+00 
 5.24167960e-05  1.46074372e-06  5.24167960e-05  0.00000000e+00 
 5.24437203e-05  5.13987275e-07  5.24437203e-05  0.00000000e+00 
 5.24683057e-05  4.22106041e-07  5.24683057e-05  0.00000000e+00 
 5.24909093e-05  1.05493078e-07  5.24909093e-05  0.00000000e+00 
 5.25156870e-05  1.52220864e-07  5.25156870e-05  0.00000000e+00 
 5.25394958e-05  2.21968472e-09  5.25394958e-05  0.00000000e+00 
 5.25622180e-05  6.32346088e-08  5.25622180e-05  0.00000000e+00 
 5.25844922e-05 -1.34157753e-08  5.25844922e-05  0.00000000e+00 
 5.26061060e-05  3.00384199e-08  5.26061060e-05  0.00000000e+00 
 5.26282897e-05 -1.22068803e-08  5.26282897e-05  0.00000000e+00 
 5.26489159e-05  1.54813723e-08  5.26489159e-05  0.00000000e+00 
 5.26702714e-05 -8.26141131e-09  5.26702714e-05  0.00000000e+00 
 5.26898868e-05  8.20908620e-09  5.26898868e-05  0.00000000e+00 
 5.27076432e-05 -4.76793061e-09  5.27076432e-05  0.00000000e+00 
 5.27249422e-05  4.18359790e-09  5.27249422e-05  0.00000000e+00 
 5.27409070e-05 -2.43678142e-09  5.27409070e-05  0.00000000e+00 
 5.27579467e-05  2.07314660e-09  5.27579467e-05  0.00000000e+00 
 5.27771834e-05 -1.33557926e-09  5.27771834e-05  0.00000000e+00 
 5.27991791e-05  1.15394453e-09  5.27991791e-05  0.00000000e+00 
 5.28282541e-05 -8.83952744e-10  5.28282541e-05  0.00000000e+00 
 5.28643753e-05  7.83207229e-10  5.28643753e-05  0.00000000e+00 
 5.29172058e-05 -6.94151001e-10  5.29172058e-05  0.00000000e+00 
 5.29864832e-05  6.40301968e-10  5.29864832e-05  0.00000000e+00 
 5.30864832e-05 -6.05959660e-10  5.30864832e-05  0.00000000e+00 
 5.31864832e-05  5.73952524e-10  5.31864832e-05  0.00000000e+00 
 5.32864832e-05 -5.42482214e-10  5.32864832e-05  0.00000000e+00 
 5.33864832e-05  5.12608666e-10  5.33864832e-05  0.00000000e+00 
 5.34864832e-05 -4.84378787e-10  5.34864832e-05  0.00000000e+00 
 5.35864832e-05  4.57715320e-10  5.35864832e-05  0.00000000e+00 
 5.36864832e-05 -4.32530534e-10  5.36864832e-05  0.00000000e+00 
 5.37864832e-05  4.08740336e-10  5.37864832e-05  0.00000000e+00 
 5.38864832e-05 -3.86265669e-10  5.38864832e-05  0.00000000e+00 
 5.39864832e-05  3.65032316e-10  5.39864832e-05  0.00000000e+00 
 5.40864832e-05 -3.44970552e-10  5.40864832e-05  0.00000000e+00 
 5.41864832e-05  3.26014811e-10  5.41864832e-05  0.00000000e+00 
 5.42864832e-05 -3.08103392e-10  5.42864832e-05  0.00000000e+00 
 5.43864832e-05  2.91178186e-10  5.43864832e-05  0.00000000e+00 
 5.44864832e-05 -2.75184438e-10  5.44864832e-05  0.00000000e+00 
 5.45864832e-05  2.60070529e-10  5.45864832e-05  0.00000000e+00 
 5.46864832e-05 -2.45787777e-10  5.46864832e-05  0.00000000e+00 
 5.47864832e-05  2.32290250e-10  5.47864832e-05  0.00000000e+00 
 5.48864832e-05 -2.19534604e-10  5.48864832e-05  0.00000000e+00 
 5.49864832e-05  2.07479922e-10  5.49864832e-05  0.00000000e+00 
 5.50864832e-05 -1.96087575e-10  5.50864832e-05  0.00000000e+00 
 5.51864832e-05  1.85321086e-10  5.51864832e-05  0.00000000e+00 
 5.52864832e-05 -1.75146002e-10  5.52864832e-05  0.00000000e+00 
 5.53864832e-05  1.65529785e-10  5.53864832e-05  0.00000000e+00 
 5.54864832e-05 -1.56441696e-10  5.54864832e-05  0.00000000e+00 
 5.55864832e-05  1.47852696e-10  5.55864832e-05  0.00000000e+00 
 5.56864832e-05 -1.39735351e-10  5.56864832e-05  0.00000000e+00 
 5.57864832e-05  1.32063739e-10  5.57864832e-05  0.00000000e+00 
 5.58864832e-05 -1.24813368e-10  5.58864832e-05  0.00000000e+00 
 5.59864832e-05  1.17961095e-10  5.59864832e-05  0.00000000e+00 
 5.60864832e-05 -1.11485052e-10  5.60864832e-05  0.00000000e+00 
 5.61864832e-05  1.05364572e-10  5.61864832e-05  0.00000000e+00 
 5.62864832e-05 -9.95801281e-11  5.62864832e-05  0.00000000e+00 
 5.63864832e-05  9.41132651e-11  5.63864832e-05  0.00000000e+00 
 5.64864832e-05 -8.89465431e-11  5.64864832e-05  0.00000000e+00 
 5.65864832e-05  8.40634807e-11  5.65864832e-05  0.00000000e+00 
 5.66864832e-05 -7.94485020e-11  5.66864832e-05  0.00000000e+00 
 5.67864832e-05  7.50868872e-11  5.67864832e-05  0.00000000e+00 
 5.68864832e-05 -7.09647249e-11  5.68864832e-05  0.00000000e+00 
 5.69864832e-05  6.70688679e-11  5.69864832e-05  0.00000000e+00 
 5.70864832e-05 -6.33868913e-11  5.70864832e-05  0.00000000e+00 
 5.71864832e-05  5.99070523e-11  5.71864832e-05  0.00000000e+00 
 5.72864832e-05 -5.66182532e-11  5.72864832e-05  0.00000000e+00 
 5.73864832e-05  5.35100055e-11  5.73864832e-05  0.00000000e+00 
 5.74864832e-05 -5.05723968e-11  5.74864832e-05  0.00000000e+00 
 5.75864832e-05  4.77960590e-11  5.75864832e-05  0.00000000e+00 
 5.76864832e-05 -4.51721382e-11  5.76864832e-05  0.00000000e+00 
 5.77864832e-05  4.26922669e-11  5.77864832e-05  0.00000000e+00 
 5.78864832e-05 -4.03485366e-11  5.78864832e-05  0.00000000e+00 
 5.79864832e-05  3.81334735e-11  5.79864832e-05  0.00000000e+00 
 5.80864832e-05 -3.60400137e-11  5.80864832e-05  0.00000000e+00 
 5.81864832e-05  3.40614815e-11  5.81864832e-05  0.00000000e+00 
 5.82864832e-05 -3.21915673e-11  5.82864832e-05  0.00000000e+00 
 5.83864832e-05  3.04243082e-11  5.83864832e-05  0.00000000e+00 
 5.84864832e-05 -2.87540686e-11  5.84864832e-05  0.00000000e+00 
 5.85864832e-05  2.71755222e-11  5.85864832e-05  0.00000000e+00 
 5.86864832e-05 -2.56836352e-11  5.86864832e-05  0.00000000e+00 
 5.87864832e-05  2.42736502e-11  5.87864832e-05  0.00000000e+00 
 5.88864832e-05 -2.29410709e-11  5.88864832e-05  0.00000000e+00 
 5.89864832e-05  2.16816478e-11  5.89864832e-05  0.00000000e+00 
 5.90864832e-05 -2.04913648e-11  5.90864832e-05  0.00000000e+00 
 5.91864832e-05  1.93664262e-11  5.91864832e-05  0.00000000e+00 
 5.92864832e-05 -1.83032446e-11  5.92864832e-05  0.00000000e+00 
 5.93864832e-05  1.72984299e-11  5.93864832e-05  0.00000000e+00 
 5.94864832e-05 -1.63487776e-11  5.94864832e-05  0.00000000e+00 
 5.95864832e-05  1.54512595e-11  5.95864832e-05  0.00000000e+00 
 5.96864832e-05 -1.46030135e-11  5.96864832e-05  0.00000000e+00 
 5.97864832e-05  1.38013347e-11  5.97864832e-05  0.00000000e+00 
 5.98864832e-05 -1.30436666e-11  5.98864832e-05  0.00000000e+00 
 5.99864832e-05  1.23275932e-11  5.99864832e-05  0.00000000e+00 
 6.00864832e-05 -1.16508308e-11  6.00864832e-05  0.00000000e+00 
 6.01864832e-05  1.10112214e-11  6.01864832e-05  0.00000000e+00 
 6.02864832e-05 -1.04067255e-11  6.02864832e-05  0.00000000e+00 
 6.03864832e-05  9.83541526e-12  6.03864832e-05  0.00000000e+00 
 6.04864832e-05 -9.29546892e-12  6.04864832e-05  0.00000000e+00 
 6.05864832e-05  8.78516465e-12  6.05864832e-05  0.00000000e+00 
 6.06864832e-05 -8.30287515e-12  6.06864832e-05  0.00000000e+00 
 6.07864832e-05  7.84706247e-12  6.07864832e-05  0.00000000e+00 
 6.08864832e-05 -7.41627307e-12  6.08864832e-05  0.00000000e+00 
 6.09864832e-05  7.00913322e-12  6.09864832e-05  0.00000000e+00 
 6.10864832e-05 -6.62434460e-12  6.10864832e-05  0.00000000e+00 
 6.11864832e-05  6.26068018e-12  6.11864832e-05  0.00000000e+00 
 6.12864832e-05 -5.91698027e-12  6.12864832e-05  0.00000000e+00 
 6.13864832e-05  5.59214886e-12  6.13864832e-05  0.00000000e+00 
 6.14864832e-05 -5.28515010e-12  6.14864832e-05  0.00000000e+00 
 6.15864832e-05  4.99500502e-12  6.15864832e-05  0.00000000e+00 
 6.16864832e-05 -4.72078836e-12  6.16864832e-05  0.00000000e+00 
 6.17864832e-05  4.46162570e-12  6.17864832e-05  0.00000000e+00 
 6.18864832e-05 -4.21669060e-12  6.18864832e-05  0.00000000e+00 
 6.19864832e-05  3.98520199e-12  6.19864832e-05  0.00000000e+00 
 6.20864832e-05 -3.76642168e-12  6.20864832e-05  0.00000000e+00 
 6.21864832e-05  3.55965201e-12  6.21864832e-05  0.00000000e+00 
 6.22864832e-05 -3.36423361e-12  6.22864832e-05  0.00000000e+00 
 6.23864832e-05  3.17954333e-12  6.23864832e-05  0.00000000e+00 
 6.24864832e-05 -3.00499221e-12  6.24864832e-05  0.00000000e+00 
 6.25864832e-05  2.84002363e-12  6.25864832e-05  0.00000000e+00 
 6.26864832e-05 -2.68411152e-12  6.26864832e-05  0.00000000e+00 
 6.27864832e-05  2.53675870e-12  6.27864832e-05  0.00000000e+00 
 6.28864832e-05 -2.39749528e-12  6.28864832e-05  0.00000000e+00 
 6.29864832e-05  2.26587716e-12  6.29864832e-05  0.00000000e+00 
 6.30864832e-05 -2.14148465e-12  6.30864832e-05  0.00000000e+00 
 6.31864832e-05  2.02392105e-12  6.31864832e-05  0.00000000e+00 
 6.32864832e-05 -1.91281148e-12  6.32864832e-05  0.00000000e+00 
 6.33864832e-05  1.80780162e-12  6.33864832e-05  0.00000000e+00 
 6.34864832e-05 -1.70855662e-12  6.34864832e-05  0.00000000e+00 
 6.35864832e-05  1.61475998e-12  6.35864832e-05  0.00000000e+00 
 6.36864832e-05 -1.52611261e-12  6.36864832e-05  0.00000000e+00 
 6.37864832e-05  1.44233181e-12  6.37864832e-05  0.00000000e+00 
 6.38864832e-05 -1.36315043e-12  6.38864832e-05  0.00000000e+00 
 6.39864832e-05  1.28831596e-12  6.39864832e-05  0.00000000e+00 
 6.40864832e-05 -1.21758977e-12  6.40864832e-05  0.00000000e+00 
 6.41864832e-05  1.15074631e-12  6.41864832e-05  0.00000000e+00 
 6.42864832e-05 -1.08757244e-12  6.42864832e-05  0.00000000e+00 
 6.43864832e-05  1.02786670e-12  6.43864832e-05  0.00000000e+00 
 6.44864832e-05 -9.71438696e-13  6.44864832e-05  0.00000000e+00 
 6.45864832e-05  9.18108486e-13  6.45864832e-05  0.00000000e+00 
 6.46864832e-05 -8.67706007e-13  6.46864832e-05  0.00000000e+00 
 6.47864832e-05  8.20070532e-13  6.47864832e-05  0.00000000e+00 
 6.48864832e-05 -7.75050158e-13  6.48864832e-05  0.00000000e+00 
 6.49864832e-05  7.32501319e-13  6.49864832e-05  0.00000000e+00 
 6.50864832e-05 -6.92288335e-13  6.50864832e-05  0.00000000e+00 
 6.51864832e-05  6.54282970e-13  6.51864832e-05  0.00000000e+00 
 6.52864832e-05 -6.18364030e-13  6.52864832e-05  0.00000000e+00 
 6.53864832e-05  5.84416974e-13  6.53864832e-05  0.00000000e+00 
 6.54864832e-05 -5.52333549e-13  6.54864832e-05  0.00000000e+00 
 6.55864832e-05  5.22011446e-13  6.55864832e-05  0.00000000e+00 
 6.56864832e-05 -4.93353971e-13  6.56864832e-05  0.00000000e+00 
 6.57864832e-05  4.66269739e-13  6.57864832e-05  0.00000000e+00 
 6.58864832e-05 -4.40672382e-13  6.58864832e-05  0.00000000e+00 
 6.59864832e-05  4.16480273e-13  6.59864832e-05  0.00000000e+00 
 6.60864832e-05 -3.93616267e-13  6.60864832e-05  0.00000000e+00 
 6.61864832e-05  3.72007453e-13  6.61864832e-05  0.00000000e+00 
 6.62864832e-05 -3.51584923e-13  6.62864832e-05  0.00000000e+00 
 6.63864832e-05  3.32283553e-13  6.63864832e-05  0.00000000e+00 
 6.64864832e-05 -3.14041793e-13  6.64864832e-05  0.00000000e+00 
 6.65864832e-05  2.96801472e-13  6.65864832e-05  0.00000000e+00 
 6.66864832e-05 -2.80507613e-13  6.66864832e-05  0.00000000e+00 
 6.67864832e-05  2.65108257e-13  6.67864832e-05  0.00000000e+00 
 6.68864832e-05 -2.50554298e-13  6.68864832e-05  0.00000000e+00 
 6.69864832e-05  2.36799325e-13  6.69864832e-05  0.00000000e+00 
 6.70864832e-05 -2.23799475e-13  6.70864832e-05  0.00000000e+00 
 6.71864832e-05  2.11513292e-13  6.71864832e-05  0.00000000e+00 
 6.72864832e-05 -1.99901599e-13  6.72864832e-05  0.00000000e+00 
 6.73864832e-05  1.88927366e-13  6.73864832e-05  0.00000000e+00 
 6.74864832e-05 -1.78555599e-13  6.74864832e-05  0.00000000e+00 
 6.75864832e-05  1.68753222e-13  6.75864832e-05  0.00000000e+00 
 6.76864832e-05 -1.59488979e-13  6.76864832e-05  0.00000000e+00 
 6.77864832e-05  1.50733325e-13  6.77864832e-05  0.00000000e+00 
 6.78864832e-05 -1.42458341e-13  6.78864832e-05  0.00000000e+00 
 6.79864832e-05  1.34637638e-13  6.79864832e-05  0.00000000e+00 
 6.80864832e-05 -1.27246278e-13  6.80864832e-05  0.00000000e+00 
 6.81864832e-05  1.20260689e-13  6.81864832e-05  0.00000000e+00 
 6.82864832e-05 -1.13658597e-13  6.82864832e-05  0.00000000e+00 
 6.83864832e-05  1.07418948e-13  6.83864832e-05  0.00000000e+00 
 6.84864832e-05 -1.01521844e-13  6.84864832e-05  0.00000000e+00 
 6.85864832e-05  9.59484800e-14  6.85864832e-05  0.00000000e+00 
 6.86864832e-05 -9.06810837e-14  6.86864832e-05  0.00000000e+00 
 6.87864832e-05  8.57028578e-14  6.87864832e-05  0.00000000e+00 
 6.88864832e-05 -8.09979274e-14  6.88864832e-05  0.00000000e+00 
 6.89864832e-05  7.65512891e-14  6.89864832e-05  0.00000000e+00 
 6.90864832e-05 -7.23487632e-14  6.90864832e-05  0.00000000e+00 
 6.91864832e-05  6.83769482e-14  6.91864832e-05  0.00000000e+00 
 6.92864832e-05 -6.46231787e-14  6.92864832e-05  0.00000000e+00 
 6.93864832e-05  6.10754842e-14  6.93864832e-05  0.00000000e+00 
 6.94864832e-05 -5.77225516e-14  6.94864832e-05  0.00000000e+00 
 6.95864832e-05  5.45536890e-14  6.95864832e-05  0.00000000e+00 
 6.96864832e-05 -5.15587911e-14  6.96864832e-05  0.00000000e+00 
 6.97864832e-05  4.87283076e-14  6.97864832e-05  0.00000000e+00 
 6.98864832e-05 -4.60532125e-14  6.98864832e-05  0.00000000e+00 
 6.99864832e-05  4.35249753e-14  6.99864832e-05  0.00000000e+00 
 7.00864832e-05 -4.11355336e-14  7.00864832e-05  0.00000000e+00 
 7.01864832e-05  3.88772680e-14  7.01864832e-05  0.00000000e+00 
 7.02864832e-05 -3.67429770e-14  7.02864832e-05  0.00000000e+00 
 7.03864832e-05  3.47258546e-14  7.03864832e-05  0.00000000e+00 
 7.04864832e-05 -3.28194686e-14  7.04864832e-05  0.00000000e+00 
 7.05864832e-05  3.10177397e-14  7.05864832e-05  0.00000000e+00 
 7.06864832e-05 -2.93149225e-14  7.06864832e-05  0.00000000e+00 
 7.07864832e-05  2.77055868e-14  7.07864832e-05  0.00000000e+00 
 7.08864832e-05 -2.61846007e-14  7.08864832e-05  0.00000000e+00 
 7.09864832e-05  2.47471139e-14  7.09864832e-05  0.00000000e+00 
 7.10864832e-05 -2.33885426e-14  7.10864832e-05  0.00000000e+00 
 7.11864832e-05  2.21045543e-14  7.11864832e-05  0.00000000e+00 
 7.12864832e-05 -2.08910546e-14  7.12864832e-05  0.00000000e+00 
 7.13864832e-05  1.97441739e-14  7.13864832e-05  0.00000000e+00 
 7.14864832e-05 -1.86602548e-14  7.14864832e-05  0.00000000e+00 
 7.15864832e-05  1.76358409e-14  7.15864832e-05  0.00000000e+00 
 7.16864832e-05 -1.66676654e-14  7.16864832e-05  0.00000000e+00 
 7.17864832e-05  1.57526410e-14  7.17864832e-05  0.00000000e+00 
 7.18864832e-05 -1.48878498e-14  7.18864832e-05  0.00000000e+00 
 7.19864832e-05  1.40705341e-14  7.19864832e-05  0.00000000e+00 
 7.20864832e-05 -1.32980874e-14  7.20864832e-05  0.00000000e+00 
 7.21864832e-05  1.25680467e-14  7.21864832e-05  0.00000000e+00 
 7.22864832e-05 -1.18780839e-14  7.22864832e-05  0.00000000e+00 
 7.23864832e-05  1.12259988e-14  7.23864832e-05  0.00000000e+00 
 7.24864832e-05 -1.06097120e-14  7.24864832e-05  0.00000000e+00 
 7.25864832e-05  1.00272582e-14  7.25864832e-05  0.00000000e+00 
 7.26864832e-05 -9.47678000e-15  7.26864832e-05  0.00000000e+00 
 7.27864832e-05  8.95652209e-15  7.27864832e-05  0.00000000e+00 
 7.28864832e-05 -8.46482538e-15  7.28864832e-05  0.00000000e+00 
 7.29864832e-05  8.00012193e-15  7.29864832e-05  0.00000000e+00 
 7.30864832e-05 -7.56092985e-15  7.30864832e-05  0.00000000e+00 
 7.31864832e-05  7.14584861e-15  7.31864832e-05  0.00000000e+00 
 7.32864832e-05 -6.75355457e-15  7.32864832e-05  0.00000000e+00 
 7.33864832e-05  6.38279676e-15  7.33864832e-05  0.00000000e+00 
 7.34864832e-05 -6.03239288e-15  7.34864832e-05  0.00000000e+00 
 7.35864832e-05  5.70122552e-15  7.35864832e-05  0.00000000e+00 
 7.36864832e-05 -5.38823866e-15  7.36864832e-05  0.00000000e+00 
 7.37864832e-05  5.09243419e-15  7.37864832e-05  0.00000000e+00 
 7.38864832e-05 -4.81286886e-15  7.38864832e-05  0.00000000e+00 
 7.39864832e-05  4.54865115e-15  7.39864832e-05  0.00000000e+00 
 7.40864832e-05 -4.29893851e-15  7.40864832e-05  0.00000000e+00 
 7.41864832e-05  4.06293464e-15  7.41864832e-05  0.00000000e+00 
 7.42864832e-05 -3.83988694e-15  7.42864832e-05  0.00000000e+00 
 7.43864832e-05  3.62908416e-15  7.43864832e-05  0.00000000e+00 
 7.44864832e-05 -3.42985407e-15  7.44864832e-05  0.00000000e+00 
 7.45864832e-05  3.24156135e-15  7.45864832e-05  0.00000000e+00 
 7.46864832e-05 -3.06360555e-15  7.46864832e-05  0.00000000e+00 
 7.47864832e-05  2.89541920e-15  7.47864832e-05  0.00000000e+00 
 7.48864832e-05 -2.73646597e-15  7.48864832e-05  0.00000000e+00 
 7.49864832e-05  2.58623899e-15  7.49864832e-05  0.00000000e+00 
 7.50864832e-05 -2.44425919e-15  7.50864832e-05  0.00000000e+00 
 7.51864832e-05  2.31007383e-15  7.51864832e-05  0.00000000e+00 
 7.52864832e-05 -2.18325499e-15  7.52864832e-05  0.00000000e+00 
 7.53864832e-05  2.06339828e-15  7.53864832e-05  0.00000000e+00 
 7.54864832e-05 -1.95012149e-15  7.54864832e-05  0.00000000e+00 
 7.55864832e-05  1.84306338e-15  7.55864832e-05  0.00000000e+00 
 7.56864832e-05 -1.74188256e-15  7.56864832e-05  0.00000000e+00 
 7.57864832e-05  1.64625639e-15  7.57864832e-05  0.00000000e+00 
 7.58864832e-05 -1.55587992e-15  7.58864832e-05  0.00000000e+00 
 7.59864832e-05  1.47046496e-15  7.59864832e-05  0.00000000e+00 
 7.60864832e-05 -1.38973912e-15  7.60864832e-05  0.00000000e+00 
 7.61864832e-05  1.31344498e-15  7.61864832e-05  0.00000000e+00 
 7.62864832e-05 -1.24133925e-15  7.62864832e-05  0.00000000e+00 
 7.63864832e-05  1.17319199e-15  7.63864832e-05  0.00000000e+00 
 7.64864832e-05 -1.10878589e-15  7.64864832e-05  0.00000000e+00 
 7.65864832e-05  1.04791557e-15  7.65864832e-05  0.00000000e+00 
 7.66864832e-05 -9.90386921e-16  7.66864832e-05  0.00000000e+00 
 7.67864832e-05  9.36016488e-16  7.67864832e-05  0.00000000e+00 
 7.68864832e-05 -8.84630892e-16  7.68864832e-05  0.00000000e+00 
 7.69864832e-05  8.36066272e-16  7.69864832e-05  0.00000000e+00 
 7.70864832e-05 -7.90167760e-16  7.70864832e-05  0.00000000e+00 
 7.71864832e-05  7.46788994e-16  7.71864832e-05  0.00000000e+00 
 7.72864832e-05 -7.05791642e-16  7.72864832e-05  0.00000000e+00 
 7.73864832e-05  6.67044970e-16  7.73864832e-05  0.00000000e+00 
 7.74864832e-05 -6.30425419e-16  7.74864832e-05  0.00000000e+00 
 7.75864832e-05  5.95816215e-16  7.75864832e-05  0.00000000e+00 
 7.76864832e-05 -5.63106993e-16  7.76864832e-05  0.00000000e+00 
 7.77864832e-05  5.32193448e-16  7.77864832e-05  0.00000000e+00 
 7.78864832e-05 -5.02976999e-16  7.78864832e-05  0.00000000e+00 
 7.79864832e-05  4.75364481e-16  7.79864832e-05  0.00000000e+00 
 7.80864832e-05 -4.49267839e-16  7.80864832e-05  0.00000000e+00 
 7.81864832e-05  4.24603855e-16  7.81864832e-05  0.00000000e+00 
 7.82864832e-05 -4.01293879e-16  7.82864832e-05  0.00000000e+00 
 7.83864832e-05  3.79263578e-16  7.83864832e-05  0.00000000e+00 
 7.84864832e-05 -3.58442700e-16  7.84864832e-05  0.00000000e+00 
 7.85864832e-05  3.38764851e-16  7.85864832e-05  0.00000000e+00 
 7.86864832e-05 -3.20167279e-16  7.86864832e-05  0.00000000e+00 
 7.87864832e-05  3.02590680e-16  7.87864832e-05  0.00000000e+00 
 7.88864832e-05 -2.85979004e-16  7.88864832e-05  0.00000000e+00 
 7.89864832e-05  2.70279279e-16  7.89864832e-05  0.00000000e+00 
 7.90864832e-05 -2.55441441e-16  7.90864832e-05  0.00000000e+00 
 7.91864832e-05  2.41418172e-16  7.91864832e-05  0.00000000e+00 
 7.92864832e-05 -2.28164755e-16  7.92864832e-05  0.00000000e+00 
 7.93864832e-05  2.15638927e-16  7.93864832e-05  0.00000000e+00 
 7.94864832e-05 -2.03800744e-16  7.94864832e-05  0.00000000e+00 
 7.95864832e-05  1.92612455e-16  7.95864832e-05  0.00000000e+00 
 7.96864832e-05 -1.82038383e-16  7.96864832e-05  0.00000000e+00 
 7.97864832e-05  1.72044808e-16  7.97864832e-05  0.00000000e+00 
 7.98864832e-05 -1.62599863e-16  7.98864832e-05  0.00000000e+00 
 7.99864832e-05  1.53673427e-16  7.99864832e-05  0.00000000e+00 
 8.00864832e-05 -1.45237037e-16  8.00864832e-05  0.00000000e+00 
 8.01864832e-05  1.37263789e-16  8.01864832e-05  0.00000000e+00 
 8.02864832e-05 -1.29728257e-16  8.02864832e-05  0.00000000e+00 
 8.03864832e-05  1.22606413e-16  8.03864832e-05  0.00000000e+00 
 8.04864832e-05 -1.15875545e-16  8.04864832e-05  0.00000000e+00 
 8.05864832e-05  1.09514189e-16  8.05864832e-05  0.00000000e+00 
 8.06864832e-05 -1.03502060e-16  8.06864832e-05  0.00000000e+00 
 8.07864832e-05  9.78199860e-17  8.07864832e-05  0.00000000e+00 
 8.08864832e-05 -9.24498474e-17  8.08864832e-05  0.00000000e+00 
 8.09864832e-05  8.73745196e-17  8.09864832e-05  0.00000000e+00 
 8.10864832e-05 -8.25778181e-17  8.10864832e-05  0.00000000e+00 
 8.11864832e-05  7.80444467e-17  8.11864832e-05  0.00000000e+00 
 8.12864832e-05 -7.37599491e-17  8.12864832e-05  0.00000000e+00 
 8.13864832e-05  6.97106626e-17  8.13864832e-05  0.00000000e+00 
 8.14864832e-05 -6.58836746e-17  8.14864832e-05  0.00000000e+00 
 8.15864832e-05  6.22667812e-17  8.15864832e-05  0.00000000e+00 
 8.16864832e-05 -5.88484486e-17  8.16864832e-05  0.00000000e+00 
 8.17864832e-05  5.56177763e-17  8.17864832e-05  0.00000000e+00 
 8.18864832e-05 -5.25644619e-17  8.18864832e-05  0.00000000e+00 
 8.19864832e-05  4.96787690e-17  8.19864832e-05  0.00000000e+00 
 8.20864832e-05 -4.69514953e-17  8.20864832e-05  0.00000000e+00 
 8.21864832e-05  4.43739439e-17  8.21864832e-05  0.00000000e+00 
 8.22864832e-05 -4.19378955e-17  8.22864832e-05  0.00000000e+00 
 8.23864832e-05  3.96355816e-17  8.23864832e-05  0.00000000e+00 
 8.24864832e-05 -3.74596606e-17  8.24864832e-05  0.00000000e+00 
 8.25864832e-05  3.54031936e-17  8.25864832e-05  0.00000000e+00 
 8.26864832e-05 -3.34596229e-17  8.26864832e-05  0.00000000e+00 
 8.27864832e-05  3.16227508e-17  8.27864832e-05  0.00000000e+00 
 8.28864832e-05 -2.98867195e-17  8.28864832e-05  0.00000000e+00 
 8.29864832e-05  2.82459932e-17  8.29864832e-05  0.00000000e+00 
 8.30864832e-05 -2.66953397e-17  8.30864832e-05  0.00000000e+00 
 8.31864832e-05  2.52298143e-17  8.31864832e-05  0.00000000e+00 
 8.32864832e-05 -2.38447436e-17  8.32864832e-05  0.00000000e+00 
 8.33864832e-05  2.25357107e-17  8.33864832e-05  0.00000000e+00 
 8.34864832e-05 -2.12985414e-17  8.34864832e-05  0.00000000e+00 
 8.35864832e-05  2.01292904e-17  8.35864832e-05  0.00000000e+00 
 8.36864832e-05 -1.90242291e-17  8.36864832e-05  0.00000000e+00 
 8.37864832e-05  1.79798337e-17  8.37864832e-05  0.00000000e+00 
 8.38864832e-05 -1.69927736e-17  8.38864832e-05  0.00000000e+00 
 8.39864832e-05  1.60599014e-17  8.39864832e-05  0.00000000e+00 
 8.40864832e-05 -1.51782421e-17  8.40864832e-05  0.00000000e+00 
 8.41864832e-05  1.43449844e-17  8.41864832e-05  0.00000000e+00 
 8.42864832e-05 -1.35574709e-17  8.42864832e-05  0.00000000e+00 
 8.43864832e-05  1.28131905e-17  8.43864832e-05  0.00000000e+00 
 8.44864832e-05 -1.21097698e-17  8.44864832e-05  0.00000000e+00 
 8.45864832e-05  1.14449655e-17  8.45864832e-05  0.00000000e+00 
 8.46864832e-05 -1.08166578e-17  8.46864832e-05  0.00000000e+00 
 8.47864832e-05  1.02228431e-17  8.47864832e-05  0.00000000e+00 
 8.48864832e-05 -9.66162765e-18  8.48864832e-05  0.00000000e+00 
 8.49864832e-05  9.13122194e-18  8.49864832e-05  0.00000000e+00 
 8.50864832e-05 -8.62993453e-18  8.50864832e-05  0.00000000e+00 
 8.51864832e-05  8.15616689e-18  8.51864832e-05  0.00000000e+00 
 8.52864832e-05 -7.70840822e-18  8.52864832e-05  0.00000000e+00 
 8.53864832e-05  7.28523069e-18  8.53864832e-05  0.00000000e+00 
 8.54864832e-05 -6.88528483e-18  8.54864832e-05  0.00000000e+00 
 8.55864832e-05  6.50729527e-18  8.55864832e-05  0.00000000e+00 
 8.56864832e-05 -6.15005664e-18  8.56864832e-05  0.00000000e+00 
 8.57864832e-05  5.81242976e-18  8.57864832e-05  0.00000000e+00 
 8.58864832e-05 -5.49333799e-18  8.58864832e-05  0.00000000e+00 
 8.59864832e-05  5.19176376e-18  8.59864832e-05  0.00000000e+00 
 8.60864832e-05 -4.90674542e-18  8.60864832e-05  0.00000000e+00 
 8.61864832e-05  4.63737405e-18  8.61864832e-05  0.00000000e+00 
 8.62864832e-05 -4.38279069e-18  8.62864832e-05  0.00000000e+00 
 8.63864832e-05  4.14218348e-18  8.63864832e-05  0.00000000e+00 
 8.64864832e-05 -3.91478518e-18  8.64864832e-05  0.00000000e+00 
 8.65864832e-05  3.69987062e-18  8.65864832e-05  0.00000000e+00 
 8.66864832e-05 -3.49675448e-18  8.66864832e-05  0.00000000e+00 
 8.67864832e-05  3.30478905e-18  8.67864832e-05  0.00000000e+00 
 8.68864832e-05 -3.12336216e-18  8.68864832e-05  0.00000000e+00 
 8.69864832e-05  2.95189528e-18  8.69864832e-05  0.00000000e+00 
 8.70864832e-05 -2.78984162e-18  8.70864832e-05  0.00000000e+00 
 8.71864832e-05  2.63668441e-18  8.71864832e-05  0.00000000e+00 
 8.72864832e-05 -2.49193526e-18  8.72864832e-05  0.00000000e+00 
 8.73864832e-05  2.35513256e-18  8.73864832e-05  0.00000000e+00 
 8.74864832e-05 -2.22584009e-18  8.74864832e-05  0.00000000e+00 
 8.75864832e-05  2.10364553e-18  8.75864832e-05  0.00000000e+00 
 8.76864832e-05 -1.98815923e-18  8.76864832e-05  0.00000000e+00 
 8.77864832e-05  1.87901292e-18  8.77864832e-05  0.00000000e+00 
 8.78864832e-05 -1.77585854e-18  8.78864832e-05  0.00000000e+00 
 8.79864832e-05  1.67836715e-18  8.79864832e-05  0.00000000e+00 
 8.80864832e-05 -1.58622786e-18  8.80864832e-05  0.00000000e+00 
 8.81864832e-05  1.49914685e-18  8.81864832e-05  0.00000000e+00 
 8.82864832e-05 -1.41684643e-18  8.82864832e-05  0.00000000e+00 
 8.83864832e-05  1.33906414e-18  8.83864832e-05  0.00000000e+00 
 8.84864832e-05 -1.26555197e-18  8.84864832e-05  0.00000000e+00 
 8.85864832e-05  1.19607548e-18  8.85864832e-05  0.00000000e+00 
 8.86864832e-05 -1.13041312e-18  8.86864832e-05  0.00000000e+00 
 8.87864832e-05  1.06835550e-18  8.87864832e-05  0.00000000e+00 
 8.88864832e-05 -1.00970474e-18  8.88864832e-05  0.00000000e+00 
 8.89864832e-05  9.54273791e-19  8.89864832e-05  0.00000000e+00 
 8.90864832e-05 -9.01885902e-19  8.90864832e-05  0.00000000e+00 
 8.91864832e-05  8.52374014e-19  8.91864832e-05  0.00000000e+00 
 8.92864832e-05 -8.05580237e-19  8.92864832e-05  0.00000000e+00 
 8.93864832e-05  7.61355353e-19  8.93864832e-05  0.00000000e+00 
 8.94864832e-05 -7.19558335e-19  8.94864832e-05  0.00000000e+00 
 8.95864832e-05  6.80055897e-19  8.95864832e-05  0.00000000e+00 
 8.96864832e-05 -6.42722070e-19  8.96864832e-05  0.00000000e+00 
 8.97864832e-05  6.07437802e-19  8.97864832e-05  0.00000000e+00 
 8.98864832e-05 -5.74090576e-19  8.98864832e-05  0.00000000e+00 
 8.99864832e-05  5.42574052e-19  8.99864832e-05  0.00000000e+00 
 9.00864832e-05 -5.12787728e-19  9.00864832e-05  0.00000000e+00 
 9.01864832e-05  4.84636618e-19  9.01864832e-05  0.00000000e+00 
 9.02864832e-05 -4.58030953e-19  9.02864832e-05  0.00000000e+00 
 9.03864832e-05  4.32885890e-19  9.03864832e-05  0.00000000e+00 
 9.04864832e-05 -4.09121245e-19  9.04864832e-05  0.00000000e+00 
 9.05864832e-05  3.86661236e-19  9.05864832e-05  0.00000000e+00 
 9.06864832e-05 -3.65434240e-19  9.06864832e-05  0.00000000e+00 
 9.07864832e-05  3.45372568e-19  9.07864832e-05  0.00000000e+00 
 9.08864832e-05 -3.26412245e-19  9.08864832e-05  0.00000000e+00 
 9.09864832e-05  3.08492809e-19  9.09864832e-05  0.00000000e+00 
 9.10864832e-05 -2.91557117e-19  9.10864832e-05  0.00000000e+00 
 9.11864832e-05  2.75551164e-19  9.11864832e-05  0.00000000e+00 
 9.12864832e-05 -2.60423908e-19  9.12864832e-05  0.00000000e+00 
 9.13864832e-05  2.46127111e-19  9.13864832e-05  0.00000000e+00 
 9.14864832e-05 -2.32615182e-19  9.14864832e-05  0.00000000e+00 
 9.15864832e-05  2.19845034e-19  9.15864832e-05  0.00000000e+00 
 9.16864832e-05 -2.07775943e-19  9.16864832e-05  0.00000000e+00 
 9.17864832e-05  1.96369423e-19  9.17864832e-05  0.00000000e+00 
 9.18864832e-05 -1.85589100e-19  9.18864832e-05  0.00000000e+00 
 9.19864832e-05  1.75400598e-19  9.19864832e-05  0.00000000e+00 
 9.20864832e-05 -1.65771425e-19  9.20864832e-05  0.00000000e+00 
 9.21864832e-05  1.56670877e-19  9.21864832e-05  0.00000000e+00 
 9.22864832e-05 -1.48069932e-19  9.22864832e-05  0.00000000e+00 
 9.23864832e-05  1.39941163e-19  9.23864832e-05  0.00000000e+00 
 9.24864832e-05 -1.32258649e-19  9.24864832e-05  0.00000000e+00 
 9.25864832e-05  1.24997890e-19  9.25864832e-05  0.00000000e+00 
 9.26864832e-05 -1.18135735e-19  9.26864832e-05  0.00000000e+00 
 9.27864832e-05  1.11650299e-19  9.27864832e-05  0.00000000e+00 
 9.28864832e-05 -1.05520901e-19  9.28864832e-05  0.00000000e+00 
 9.29864832e-05  9.97279963e-20  9.29864832e-05  0.00000000e+00 
 9.30864832e-05 -9.42531115e-20  9.30864832e-05  0.00000000e+00 
 9.31864832e-05  8.90787878e-20  9.31864832e-05  0.00000000e+00 
 9.32864832e-05 -8.41885250e-20  9.32864832e-05  0.00000000e+00 
 9.33864832e-05  7.95667288e-20  9.33864832e-05  0.00000000e+00 
 9.34864832e-05 -7.51986607e-20  9.34864832e-05  0.00000000e+00 
 9.35864832e-05  7.10703915e-20  9.35864832e-05  0.00000000e+00 
 9.36864832e-05 -6.71687569e-20  9.36864832e-05  0.00000000e+00 
 9.37864832e-05  6.34813148e-20  9.37864832e-05  0.00000000e+00 
 9.38864832e-05 -5.99963065e-20  9.38864832e-05  0.00000000e+00 
 9.39864832e-05  5.67026189e-20  9.39864832e-05  0.00000000e+00 
 9.40864832e-05 -5.35897487e-20  9.40864832e-05  0.00000000e+00 
 9.41864832e-05  5.06477693e-20  9.41864832e-05  0.00000000e+00 
 9.42864832e-05 -4.78672993e-20  9.42864832e-05  0.00000000e+00 
 9.43864832e-05  4.52394720e-20  9.43864832e-05  0.00000000e+00 
 9.44864832e-05 -4.27559076e-20  9.44864832e-05  0.00000000e+00 
 9.45864832e-05  4.04086864e-20  9.45864832e-05  0.00000000e+00 
 9.46864832e-05 -3.81903233e-20  9.46864832e-05  0.00000000e+00 
 9.47864832e-05  3.60937443e-20  9.47864832e-05  0.00000000e+00 
 9.48864832e-05 -3.41122637e-20  9.48864832e-05  0.00000000e+00 
 9.49864832e-05  3.22395627e-20  9.49864832e-05  0.00000000e+00 
 9.50864832e-05 -3.04696696e-20  9.50864832e-05  0.00000000e+00 
 9.51864832e-05  2.87969404e-20  9.51864832e-05  0.00000000e+00 
 9.52864832e-05 -2.72160409e-20  9.52864832e-05  0.00000000e+00 
 9.53864832e-05  2.57219300e-20  9.53864832e-05  0.00000000e+00 
 9.54864832e-05 -2.43098430e-20  9.54864832e-05  0.00000000e+00 
 9.55864832e-05  2.29752770e-20  9.55864832e-05  0.00000000e+00 
 9.56864832e-05 -2.17139763e-20  9.56864832e-05  0.00000000e+00 
 9.57864832e-05  2.05219186e-20  9.57864832e-05  0.00000000e+00 
 9.58864832e-05 -1.93953028e-20  9.58864832e-05  0.00000000e+00 
 9.59864832e-05  1.83305361e-20  9.59864832e-05  0.00000000e+00 
 9.60864832e-05 -1.73242231e-20  9.60864832e-05  0.00000000e+00 
 9.61864832e-05  1.63731549e-20  9.61864832e-05  0.00000000e+00 
 9.62864832e-05 -1.54742986e-20  9.62864832e-05  0.00000000e+00 
 9.63864832e-05  1.46247879e-20  9.63864832e-05  0.00000000e+00 
 9.64864832e-05 -1.38219138e-20  9.64864832e-05  0.00000000e+00 
 9.65864832e-05  1.30631159e-20  9.65864832e-05  0.00000000e+00 
 9.66864832e-05 -1.23459747e-20  9.66864832e-05  0.00000000e+00 
 9.67864832e-05  1.16682033e-20  9.67864832e-05  0.00000000e+00 
 9.68864832e-05 -1.10276402e-20  9.68864832e-05  0.00000000e+00 
 9.69864832e-05  1.04222429e-20  9.69864832e-05  0.00000000e+00 
 9.70864832e-05 -9.85008081e-21  9.70864832e-05  0.00000000e+00 
 9.71864832e-05  9.30932936e-21  9.71864832e-05  0.00000000e+00 
 9.72864832e-05 -8.79826418e-21  9.72864832e-05  0.00000000e+00 
 9.73864832e-05  8.31525555e-21  9.73864832e-05  0.00000000e+00 
 9.74864832e-05 -7.85876320e-21  9.74864832e-05  0.00000000e+00 
 9.75864832e-05  7.42733146e-21  9.75864832e-05  0.00000000e+00 
 9.76864832e-05 -7.01958453e-21  9.76864832e-05  0.00000000e+00 
 9.77864832e-05  6.63422216e-21  9.77864832e-05  0.00000000e+00 
 9.78864832e-05 -6.27001548e-21  9.78864832e-05  0.00000000e+00 
 9.79864832e-05  5.92580308e-21  9.79864832e-05  0.00000000e+00 
 9.80864832e-05 -5.60048731e-21  9.80864832e-05  0.00000000e+00 
 9.81864832e-05  5.29303079e-21  9.81864832e-05  0.00000000e+00 
 9.82864832e-05 -5.00245306e-21  9.82864832e-05  0.00000000e+00 
 9.83864832e-05  4.72782753e-21  9.83864832e-05  0.00000000e+00 
 9.84864832e-05 -4.46827843e-21  9.84864832e-05  0.00000000e+00 
 9.85864832e-05  4.22297811e-21  9.85864832e-05  0.00000000e+00 
 9.86864832e-05 -3.99114432e-21  9.86864832e-05  0.00000000e+00 
 9.87864832e-05  3.77203779e-21  9.87864832e-05  0.00000000e+00 
 9.88864832e-05 -3.56495980e-21  9.88864832e-05  0.00000000e+00 
 9.89864832e-05  3.36925002e-21  9.89864832e-05  0.00000000e+00 
 9.90864832e-05 -3.18428435e-21  9.90864832e-05  0.00000000e+00 
 9.91864832e-05  3.00947295e-21  9.91864832e-05  0.00000000e+00 
 9.92864832e-05 -2.84425838e-21  9.92864832e-05  0.00000000e+00 
 9.93864832e-05  2.68811379e-21  9.93864832e-05  0.00000000e+00 
 9.94864832e-05 -2.54054126e-21  9.94864832e-05  0.00000000e+00 
 9.95864832e-05  2.40107018e-21  9.95864832e-05  0.00000000e+00 
 9.96864832e-05 -2.26925581e-21  9.96864832e-05  0.00000000e+00 
 9.97864832e-05  2.14467781e-21  9.97864832e-05  0.00000000e+00 
 9.98864832e-05 -2.02693892e-21  9.98864832e-05  0.00000000e+00 
 9.99864832e-05  1.91566367e-21  9.99864832e-05  0.00000000e+00 
 1.00086483e-04 -1.81049724e-21  1.00086483e-04  0.00000000e+00 
 1.00186483e-04  1.71110425e-21  1.00186483e-04  0.00000000e+00 
 1.00286483e-04 -1.61716775e-21  1.00286483e-04  0.00000000e+00 
 1.00386483e-04  1.52838819e-21  1.00386483e-04  0.00000000e+00 
 1.00486483e-04 -1.44448247e-21  1.00486483e-04  0.00000000e+00 
 1.00586483e-04  1.36518302e-21  1.00586483e-04  0.00000000e+00 
 1.00686483e-04 -1.29023697e-21  1.00686483e-04  0.00000000e+00 
 1.00786483e-04  1.21940531e-21  1.00786483e-04  0.00000000e+00 
 1.00886483e-04 -1.15246219e-21  1.00886483e-04  0.00000000e+00 
 1.00986483e-04  1.08919412e-21  1.00986483e-04  0.00000000e+00 
 1.01086483e-04 -1.02939935e-21  1.01086483e-04  0.00000000e+00 
 1.01186483e-04  9.72887208e-22  1.01186483e-04  0.00000000e+00 
 1.01286483e-04 -9.19477477e-22  1.01286483e-04  0.00000000e+00 
 1.01386483e-04  8.68999843e-22  1.01386483e-04  0.00000000e+00 
 1.01486483e-04 -8.21293339e-22  1.01486483e-04  0.00000000e+00 
 1.01586483e-04  7.76205835e-22  1.01586483e-04  0.00000000e+00 
 1.01686483e-04 -7.33593552e-22  1.01686483e-04  0.00000000e+00 
 1.01786483e-04  6.93320606e-22  1.01786483e-04  0.00000000e+00 
 1.01886483e-04 -6.55258571e-22  1.01886483e-04  0.00000000e+00 
 1.01986483e-04  6.19286072e-22  1.01986483e-04  0.00000000e+00 
 1.02086483e-04 -5.85288398e-22  1.02086483e-04  0.00000000e+00 
 1.02186483e-04  5.53157134e-22  1.02186483e-04  0.00000000e+00 
 1.02286483e-04 -5.22789817e-22  1.02286483e-04  0.00000000e+00 
 1.02386483e-04  4.94089611e-22  1.02386483e-04  0.00000000e+00 
 1.02486483e-04 -4.66964994e-22  1.02486483e-04  0.00000000e+00 
 1.02586483e-04  4.41329469e-22  1.02586483e-04  0.00000000e+00 
 1.02686483e-04 -4.17101287e-22  1.02686483e-04  0.00000000e+00 
 1.02786483e-04  3.94203188e-22  1.02786483e-04  0.00000000e+00 
 1.02886483e-04 -3.72562153e-22  1.02886483e-04  0.00000000e+00 
 1.02986483e-04  3.52109171e-22  1.02986483e-04  0.00000000e+00 
 1.03086483e-04 -3.32779021e-22  1.03086483e-04  0.00000000e+00 
 1.03186483e-04  3.14510060e-22  1.03186483e-04  0.00000000e+00 
 1.03286483e-04 -2.97244032e-22  1.03286483e-04  0.00000000e+00 
 1.03386483e-04  2.80925878e-22  1.03386483e-04  0.00000000e+00 
 1.03486483e-04 -2.65503560e-22  1.03486483e-04  0.00000000e+00 
 1.03586483e-04  2.50927900e-22  1.03586483e-04  0.00000000e+00 
 1.03686483e-04 -2.37152416e-22  1.03686483e-04  0.00000000e+00 
 1.03786483e-04  2.24133182e-22  1.03786483e-04  0.00000000e+00 
 1.03886483e-04 -2.11828680e-22  1.03886483e-04  0.00000000e+00 
 1.03986483e-04  2.00199672e-22  1.03986483e-04  0.00000000e+00 
 1.04086483e-04 -1.89209076e-22  1.04086483e-04  0.00000000e+00 
 1.04186483e-04  1.78821843e-22  1.04186483e-04  0.00000000e+00 
 1.04286483e-04 -1.69004850e-22  1.04286483e-04  0.00000000e+00 
 1.04386483e-04  1.59726793e-22  1.04386483e-04  0.00000000e+00 
 1.04486483e-04 -1.50958084e-22  1.04486483e-04  0.00000000e+00 
 1.04586483e-04  1.42670760e-22  1.04586483e-04  0.00000000e+00 
 1.04686483e-04 -1.34838396e-22  1.04686483e-04  0.00000000e+00 
 1.04786483e-04  1.27436015e-22  1.04786483e-04  0.00000000e+00 
 1.04886483e-04 -1.20440010e-22  1.04886483e-04  0.00000000e+00 
 1.04986483e-04  1.13828074e-22  1.04986483e-04  0.00000000e+00 
 1.05086483e-04 -1.07579120e-22  1.05086483e-04  0.00000000e+00 
 1.05186483e-04  1.01673223e-22  1.05186483e-04  0.00000000e+00 
 1.05286483e-04 -9.60915487e-23  1.05286483e-04  0.00000000e+00 
 1.05386483e-04  9.08162982e-23  1.05386483e-04  0.00000000e+00 
 1.05486483e-04 -8.58306493e-23  1.05486483e-04  0.00000000e+00 
 1.05586483e-04  8.11187034e-23  1.05586483e-04  0.00000000e+00 
 1.05686483e-04 -7.66654348e-23  1.05686483e-04  0.00000000e+00 
 1.05786483e-04  7.24566424e-23  1.05786483e-04  0.00000000e+00 
 1.05886483e-04 -6.84789051e-23  1.05886483e-04  0.00000000e+00 
 1.05986483e-04  6.47195383e-23  1.05986483e-04  0.00000000e+00 
 1.06086483e-04 -6.11665538e-23  1.06086483e-04  0.00000000e+00 
 1.06186483e-04  5.78086217e-23  1.06186483e-04  0.00000000e+00 
 1.06286483e-04 -5.46350340e-23  1.06286483e-04  0.00000000e+00 
 1.06386483e-04  5.16356704e-23  1.06386483e-04  0.00000000e+00 
 1.06486483e-04 -4.88009664e-23  1.06486483e-04  0.00000000e+00 
 1.06586483e-04  4.61218825e-23  1.06586483e-04  0.00000000e+00 
 1.06686483e-04 -4.35898754e-23  1.06686483e-04  0.00000000e+00 
 1.06786483e-04  4.11968708e-23  1.06786483e-04  0.00000000e+00 
 1.06886483e-04 -3.89352379e-23  1.06886483e-04  0.00000000e+00 
 1.06986483e-04  3.67977644e-23  1.06986483e-04  0.00000000e+00 
 1.07086483e-04 -3.47776343e-23  1.07086483e-04  0.00000000e+00 
 1.07186483e-04  3.28684057e-23  1.07186483e-04  0.00000000e+00 
 1.07286483e-04 -3.10639903e-23  1.07286483e-04  0.00000000e+00 
 1.07386483e-04  2.93586340e-23  1.07386483e-04  0.00000000e+00 
 1.07486483e-04 -2.77468986e-23  1.07486483e-04  0.00000000e+00 
 1.07586483e-04  2.62236445e-23  1.07586483e-04  0.00000000e+00 
 1.07686483e-04 -2.47840143e-23  1.07686483e-04  0.00000000e+00 
 1.07786483e-04  2.34234172e-23  1.07786483e-04  0.00000000e+00 
 1.07886483e-04 -2.21375144e-23  1.07886483e-04  0.00000000e+00 
 1.07986483e-04  2.09222053e-23  1.07986483e-04  0.00000000e+00 
 1.08086483e-04 -1.97736144e-23  1.08086483e-04  0.00000000e+00 
 1.08186483e-04  1.86880791e-23  1.08186483e-04  0.00000000e+00 
 1.08286483e-04 -1.76621377e-23  1.08286483e-04  0.00000000e+00 
 1.08386483e-04  1.66925186e-23  1.08386483e-04  0.00000000e+00 
 1.08486483e-04 -1.57761298e-23  1.08486483e-04  0.00000000e+00 
 1.08586483e-04  1.49100491e-23  1.08586483e-04  0.00000000e+00 
 1.08686483e-04 -1.40915146e-23  1.08686483e-04  0.00000000e+00 
 1.08786483e-04  1.33179162e-23  1.08786483e-04  0.00000000e+00 
 1.08886483e-04 -1.25867869e-23  1.08886483e-04  0.00000000e+00 
 1.08986483e-04  1.18957953e-23  1.08986483e-04  0.00000000e+00 
 1.09086483e-04 -1.12427379e-23  1.09086483e-04  0.00000000e+00 
 1.09186483e-04  1.06255321e-23  1.09186483e-04  0.00000000e+00 
 1.09286483e-04 -1.00422098e-23  1.09286483e-04  0.00000000e+00 
 1.09386483e-04  9.49091083e-24  1.09386483e-04  0.00000000e+00 
 1.09486483e-04 -8.96987716e-24  1.09486483e-04  0.00000000e+00 
 1.09586483e-04  8.47744728e-24  1.09586483e-04  0.00000000e+00 
 1.09686483e-04 -8.01205091e-24  1.09686483e-04  0.00000000e+00 
 1.09786483e-04  7.57220395e-24  1.09786483e-04  0.00000000e+00 
 1.09886483e-04 -7.15650378e-24  1.09886483e-04  0.00000000e+00 
 1.09943242e-04  6.46879114e-24  1.09943242e-04  0.00000000e+00 
 1.10000000e-04 -5.85088414e-24  1.10000000e-04  0.00000000e+00 
 1.10000808e-04  1.45300215e-06  1.10000808e-04  1.61540393e-03 
 1.10002423e-04  1.16088950e-05  1.10002423e-04  4.84621180e-03 
 1.10005004e-04  8.99815728e-05  1.10005004e-04  1.00076049e-02 
 1.10007328e-04  2.74895121e-04  1.10007328e-04  1.46568387e-02 
 1.10011216e-04  9.46395312e-04  1.10011216e-04  2.24316892e-02 
 1.10017227e-04  3.01817709e-03  1.10017227e-04  3.44538065e-02 
 1.10029249e-04  1.08846650e-02  1.10029249e-04  5.84980409e-02 
 1.10053293e-04  3.79572686e-02  1.10053293e-04  1.06586510e-01 
 1.10090201e-04  9.67867025e-02  1.10090201e-04  1.80402764e-01 
 1.10144770e-04  1.98938293e-01  1.10144770e-04  2.89539963e-01 
 1.10232101e-04  3.71828593e-01  1.10232101e-04  4.64201844e-01 
 1.10332101e-04  5.72959117e-01  1.10332101e-04  6.64201844e-01 
 1.10432101e-04  7.72433034e-01  1.10432101e-04  8.64201844e-01 
 1.10532101e-04  9.72256670e-01  1.10532101e-04  1.06420184e+00 
 1.10632101e-04  1.17246832e+00  1.10632101e-04  1.26420184e+00 
 1.10732101e-04  1.37228719e+00  1.10732101e-04  1.46420184e+00 
 1.10832101e-04  1.57242831e+00  1.10832101e-04  1.66420184e+00 
 1.10916050e-04  1.73638656e+00  1.10916050e-04  1.83210092e+00 
 1.11000000e-04  1.90708479e+00  1.11000000e-04  2.00000000e+00 
 1.11010000e-04  1.92771182e+00  1.11010000e-04  2.00000000e+00 
 1.11030000e-04  1.95841303e+00  1.11030000e-04  2.00000000e+00 
 1.11070000e-04  1.98666647e+00  1.11070000e-04  2.00000000e+00 
 1.11150000e-04  2.00312351e+00  1.11150000e-04  2.00000000e+00 
 1.11250000e-04  1.99955740e+00  1.11250000e-04  2.00000000e+00 
 1.11350000e-04  1.99960105e+00  1.11350000e-04  2.00000000e+00 
 1.11450000e-04  2.00036766e+00  1.11450000e-04  2.00000000e+00 
 1.11550000e-04  1.99966246e+00  1.11550000e-04  2.00000000e+00 
 1.11650000e-04  2.00022925e+00  1.11650000e-04  2.00000000e+00 
 1.11750000e-04  1.99978312e+00  1.11750000e-04  2.00000000e+00 
 1.11850000e-04  2.00013269e+00  1.11850000e-04  2.00000000e+00 
 1.11950000e-04  1.99985937e+00  1.11950000e-04  2.00000000e+00 
 1.12050000e-04  2.00007263e+00  1.12050000e-04  2.00000000e+00 
 1.12150000e-04  1.99990664e+00  1.12150000e-04  2.00000000e+00 
 1.12250000e-04  2.00003545e+00  1.12250000e-04  2.00000000e+00 
 1.12350000e-04  1.99993587e+00  1.12350000e-04  2.00000000e+00 
 1.12450000e-04  2.00001249e+00  1.12450000e-04  2.00000000e+00 
 1.12550000e-04  1.99995387e+00  1.12550000e-04  2.00000000e+00 
 1.12650000e-04  1.99999838e+00  1.12650000e-04  2.00000000e+00 
 1.12750000e-04  1.99996491e+00  1.12750000e-04  2.00000000e+00 
 1.12850000e-04  1.99998976e+00  1.12850000e-04  2.00000000e+00 
 1.12950000e-04  1.99997163e+00  1.12950000e-04  2.00000000e+00 
 1.13050000e-04  1.99998454e+00  1.13050000e-04  2.00000000e+00 
 1.13150000e-04  1.99997567e+00  1.13150000e-04  2.00000000e+00 
 1.13250000e-04  1.99998142e+00  1.13250000e-04  2.00000000e+00 
 1.13350000e-04  1.99997807e+00  1.13350000e-04  2.00000000e+00 
 1.13450000e-04  1.99997960e+00  1.13450000e-04  2.00000000e+00 
 1.13550000e-04  1.99997945e+00  1.13550000e-04  2.00000000e+00 
 1.13650000e-04  1.99997857e+00  1.13650000e-04  2.00000000e+00 
 1.13750000e-04  1.99998020e+00  1.13750000e-04  2.00000000e+00 
 1.13850000e-04  1.99997802e+00  1.13850000e-04  2.00000000e+00 
 1.13950000e-04  1.99998059e+00  1.13950000e-04  2.00000000e+00 
 1.14050000e-04  1.99997777e+00  1.14050000e-04  2.00000000e+00 
 1.14150000e-04  1.99998074e+00  1.14150000e-04  2.00000000e+00 
 1.14250000e-04  1.99997768e+00  1.14250000e-04  2.00000000e+00 
 1.14350000e-04  1.99998077e+00  1.14350000e-04  2.00000000e+00 
 1.14450000e-04  1.99997770e+00  1.14450000e-04  2.00000000e+00 
 1.14550000e-04  1.99998072e+00  1.14550000e-04  2.00000000e+00 
 1.14650000e-04  1.99997777e+00  1.14650000e-04  2.00000000e+00 
 1.14750000e-04  1.99998064e+00  1.14750000e-04  2.00000000e+00 
 1.14850000e-04  1.99997787e+00  1.14850000e-04  2.00000000e+00 
 1.14950000e-04  1.99998053e+00  1.14950000e-04  2.00000000e+00 
 1.15050000e-04  1.99997798e+00  1.15050000e-04  2.00000000e+00 
 1.15150000e-04  1.99998042e+00  1.15150000e-04  2.00000000e+00 
 1.15250000e-04  1.99997809e+00  1.15250000e-04  2.00000000e+00 
 1.15350000e-04  1.99998031e+00  1.15350000e-04  2.00000000e+00 
 1.15450000e-04  1.99997819e+00  1.15450000e-04  2.00000000e+00 
 1.15550000e-04  1.99998021e+00  1.15550000e-04  2.00000000e+00 
 1.15650000e-04  1.99997830e+00  1.15650000e-04  2.00000000e+00 
 1.15750000e-04  1.99998011e+00  1.15750000e-04  2.00000000e+00 
 1.15850000e-04  1.99997839e+00  1.15850000e-04  2.00000000e+00 
 1.15950000e-04  1.99998002e+00  1.15950000e-04  2.00000000e+00 
 1.16050000e-04  1.99997848e+00  1.16050000e-04  2.00000000e+00 
 1.16150000e-04  1.99997994e+00  1.16150000e-04  2.00000000e+00 
 1.16250000e-04  1.99997855e+00  1.16250000e-04  2.00000000e+00 
 1.16350000e-04  1.99997986e+00  1.16350000e-04  2.00000000e+00 
 1.16450000e-04  1.99997862e+00  1.16450000e-04  2.00000000e+00 
 1.16550000e-04  1.99997980e+00  1.16550000e-04  2.00000000e+00 
 1.16650000e-04  1.99997869e+00  1.16650000e-04  2.00000000e+00 
 1.16750000e-04  1.99997974e+00  1.16750000e-04  2.00000000e+00 
 1.16850000e-04  1.99997874e+00  1.16850000e-04  2.00000000e+00 
 1.16950000e-04  1.99997968e+00  1.16950000e-04  2.00000000e+00 
 1.17050000e-04  1.99997880e+00  1.17050000e-04  2.00000000e+00 
 1.17150000e-04  1.99997963e+00  1.17150000e-04  2.00000000e+00 
 1.17250000e-04  1.99997884e+00  1.17250000e-04  2.00000000e+00 
 1.17350000e-04  1.99997959e+00  1.17350000e-04  2.00000000e+00 
 1.17450000e-04  1.99997888e+00  1.17450000e-04  2.00000000e+00 
 1.17550000e-04  1.99997955e+00  1.17550000e-04  2.00000000e+00 
 1.17650000e-04  1.99997892e+00  1.17650000e-04  2.00000000e+00 
 1.17750000e-04  1.99997952e+00  1.17750000e-04  2.00000000e+00 
 1.17850000e-04  1.99997895e+00  1.17850000e-04  2.00000000e+00 
 1.17950000e-04  1.99997949e+00  1.17950000e-04  2.00000000e+00 
 1.18050000e-04  1.99997898e+00  1.18050000e-04  2.00000000e+00 
 1.18150000e-04  1.99997946e+00  1.18150000e-04  2.00000000e+00 
 1.18250000e-04  1.99997901e+00  1.18250000e-04  2.00000000e+00 
 1.18350000e-04  1.99997943e+00  1.18350000e-04  2.00000000e+00 
 1.18450000e-04  1.99997903e+00  1.18450000e-04  2.00000000e+00 
 1.18550000e-04  1.99997941e+00  1.18550000e-04  2.00000000e+00 
 1.18650000e-04  1.99997905e+00  1.18650000e-04  2.00000000e+00 
 1.18750000e-04  1.99997939e+00  1.18750000e-04  2.00000000e+00 
 1.18850000e-04  1.99997907e+00  1.18850000e-04  2.00000000e+00 
 1.18950000e-04  1.99997937e+00  1.18950000e-04  2.00000000e+00 
 1.19050000e-04  1.99997909e+00  1.19050000e-04  2.00000000e+00 
 1.19150000e-04  1.99997936e+00  1.19150000e-04  2.00000000e+00 
 1.19250000e-04  1.99997910e+00  1.19250000e-04  2.00000000e+00 
 1.19350000e-04  1.99997934e+00  1.19350000e-04  2.00000000e+00 
 1.19450000e-04  1.99997911e+00  1.19450000e-04  2.00000000e+00 
 1.19550000e-04  1.99997933e+00  1.19550000e-04  2.00000000e+00 
 1.19650000e-04  1.99997913e+00  1.19650000e-04  2.00000000e+00 
 1.19750000e-04  1.99997932e+00  1.19750000e-04  2.00000000e+00 
 1.19850000e-04  1.99997914e+00  1.19850000e-04  2.00000000e+00 
 1.19925000e-04  1.99712490e+00  1.19925000e-04  2.00000000e+00 
 1.20000000e-04  1.99919855e+00  1.20000000e-04  2.00000000e+00 
