 0.00000000e+00  0.00000000e+00  0.00000000e+00  0.00000000e+00 
 1.00000000e-09  0.00000000e+00  1.00000000e-09  0.00000000e+00 
 2.00000000e-09  0.00000000e+00  2.00000000e-09  0.00000000e+00 
 4.00000000e-09  0.00000000e+00  4.00000000e-09  0.00000000e+00 
 8.00000000e-09  0.00000000e+00  8.00000000e-09  0.00000000e+00 
 1.60000000e-08  0.00000000e+00  1.60000000e-08  0.00000000e+00 
 3.20000000e-08  0.00000000e+00  3.20000000e-08  0.00000000e+00 
 6.40000000e-08  0.00000000e+00  6.40000000e-08  0.00000000e+00 
 1.28000000e-07  0.00000000e+00  1.28000000e-07  0.00000000e+00 
 2.28000000e-07  0.00000000e+00  2.28000000e-07  0.00000000e+00 
 3.28000000e-07  0.00000000e+00  3.28000000e-07  0.00000000e+00 
 4.28000000e-07  0.00000000e+00  4.28000000e-07  0.00000000e+00 
 5.28000000e-07  0.00000000e+00  5.28000000e-07  0.00000000e+00 
 6.28000000e-07  0.00000000e+00  6.28000000e-07  0.00000000e+00 
 7.28000000e-07  0.00000000e+00  7.28000000e-07  0.00000000e+00 
 8.28000000e-07  0.00000000e+00  8.28000000e-07  0.00000000e+00 
 9.28000000e-07  0.00000000e+00  9.28000000e-07  0.00000000e+00 
 1.02800000e-06  0.00000000e+00  1.02800000e-06  0.00000000e+00 
 1.12800000e-06  0.00000000e+00  1.12800000e-06  0.00000000e+00 
 1.22800000e-06  0.00000000e+00  1.22800000e-06  0.00000000e+00 
 1.32800000e-06  0.00000000e+00  1.32800000e-06  0.00000000e+00 
 1.42800000e-06  0.00000000e+00  1.42800000e-06  0.00000000e+00 
 1.52800000e-06  0.00000000e+00  1.52800000e-06  0.00000000e+00 
 1.62800000e-06  0.00000000e+00  1.62800000e-06  0.00000000e+00 
 1.72800000e-06  0.00000000e+00  1.72800000e-06  0.00000000e+00 
 1.82800000e-06  0.00000000e+00  1.82800000e-06  0.00000000e+00 
 1.92800000e-06  0.00000000e+00  1.92800000e-06  0.00000000e+00 
 2.02800000e-06  0.00000000e+00  2.02800000e-06  0.00000000e+00 
 2.12800000e-06  0.00000000e+00  2.12800000e-06  0.00000000e+00 
 2.22800000e-06  0.00000000e+00  2.22800000e-06  0.00000000e+00 
 2.32800000e-06  0.00000000e+00  2.32800000e-06  0.00000000e+00 
 2.42800000e-06  0.00000000e+00  2.42800000e-06  0.00000000e+00 
 2.52800000e-06  0.00000000e+00  2.52800000e-06  0.00000000e+00 
 2.62800000e-06  0.00000000e+00  2.62800000e-06  0.00000000e+00 
 2.72800000e-06  0.00000000e+00  2.72800000e-06  0.00000000e+00 
 2.82800000e-06  0.00000000e+00  2.82800000e-06  0.00000000e+00 
 2.92800000e-06  0.00000000e+00  2.92800000e-06  0.00000000e+00 
 3.02800000e-06  0.00000000e+00  3.02800000e-06  0.00000000e+00 
 3.12800000e-06  0.00000000e+00  3.12800000e-06  0.00000000e+00 
 3.22800000e-06  0.00000000e+00  3.22800000e-06  0.00000000e+00 
 3.32800000e-06  0.00000000e+00  3.32800000e-06  0.00000000e+00 
 3.42800000e-06  0.00000000e+00  3.42800000e-06  0.00000000e+00 
 3.52800000e-06  0.00000000e+00  3.52800000e-06  0.00000000e+00 
 3.62800000e-06  0.00000000e+00  3.62800000e-06  0.00000000e+00 
 3.72800000e-06  0.00000000e+00  3.72800000e-06  0.00000000e+00 
 3.82800000e-06  0.00000000e+00  3.82800000e-06  0.00000000e+00 
 3.92800000e-06  0.00000000e+00  3.92800000e-06  0.00000000e+00 
 4.02800000e-06  0.00000000e+00  4.02800000e-06  0.00000000e+00 
 4.12800000e-06  0.00000000e+00  4.12800000e-06  0.00000000e+00 
 4.22800000e-06  0.00000000e+00  4.22800000e-06  0.00000000e+00 
 4.32800000e-06  0.00000000e+00  4.32800000e-06  0.00000000e+00 
 4.42800000e-06  0.00000000e+00  4.42800000e-06  0.00000000e+00 
 4.52800000e-06  0.00000000e+00  4.52800000e-06  0.00000000e+00 
 4.62800000e-06  0.00000000e+00  4.62800000e-06  0.00000000e+00 
 4.72800000e-06  0.00000000e+00  4.72800000e-06  0.00000000e+00 
 4.82800000e-06  0.00000000e+00  4.82800000e-06  0.00000000e+00 
 4.92800000e-06  0.00000000e+00  4.92800000e-06  0.00000000e+00 
 5.02800000e-06  0.00000000e+00  5.02800000e-06  0.00000000e+00 
 5.12800000e-06  0.00000000e+00  5.12800000e-06  0.00000000e+00 
 5.22800000e-06  0.00000000e+00  5.22800000e-06  0.00000000e+00 
 5.32800000e-06  0.00000000e+00  5.32800000e-06  0.00000000e+00 
 5.42800000e-06  0.00000000e+00  5.42800000e-06  0.00000000e+00 
 5.52800000e-06  0.00000000e+00  5.52800000e-06  0.00000000e+00 
 5.62800000e-06  0.00000000e+00  5.62800000e-06  0.00000000e+00 
 5.72800000e-06  0.00000000e+00  5.72800000e-06  0.00000000e+00 
 5.82800000e-06  0.00000000e+00  5.82800000e-06  0.00000000e+00 
 5.92800000e-06  0.00000000e+00  5.92800000e-06  0.00000000e+00 
 6.02800000e-06  0.00000000e+00  6.02800000e-06  0.00000000e+00 
 6.12800000e-06  0.00000000e+00  6.12800000e-06  0.00000000e+00 
 6.22800000e-06  0.00000000e+00  6.22800000e-06  0.00000000e+00 
 6.32800000e-06  0.00000000e+00  6.32800000e-06  0.00000000e+00 
 6.42800000e-06  0.00000000e+00  6.42800000e-06  0.00000000e+00 
 6.52800000e-06  0.00000000e+00  6.52800000e-06  0.00000000e+00 
 6.62800000e-06  0.00000000e+00  6.62800000e-06  0.00000000e+00 
 6.72800000e-06  0.00000000e+00  6.72800000e-06  0.00000000e+00 
 6.82800000e-06  0.00000000e+00  6.82800000e-06  0.00000000e+00 
 6.92800000e-06  0.00000000e+00  6.92800000e-06  0.00000000e+00 
 7.02800000e-06  0.00000000e+00  7.02800000e-06  0.00000000e+00 
 7.12800000e-06  0.00000000e+00  7.12800000e-06  0.00000000e+00 
 7.22800000e-06  0.00000000e+00  7.22800000e-06  0.00000000e+00 
 7.32800000e-06  0.00000000e+00  7.32800000e-06  0.00000000e+00 
 7.42800000e-06  0.00000000e+00  7.42800000e-06  0.00000000e+00 
 7.52800000e-06  0.00000000e+00  7.52800000e-06  0.00000000e+00 
 7.62800000e-06  0.00000000e+00  7.62800000e-06  0.00000000e+00 
 7.72800000e-06  0.00000000e+00  7.72800000e-06  0.00000000e+00 
 7.82800000e-06  0.00000000e+00  7.82800000e-06  0.00000000e+00 
 7.92800000e-06  0.00000000e+00  7.92800000e-06  0.00000000e+00 
 8.02800000e-06  0.00000000e+00  8.02800000e-06  0.00000000e+00 
 8.12800000e-06  0.00000000e+00  8.12800000e-06  0.00000000e+00 
 8.22800000e-06  0.00000000e+00  8.22800000e-06  0.00000000e+00 
 8.32800000e-06  0.00000000e+00  8.32800000e-06  0.00000000e+00 
 8.42800000e-06  0.00000000e+00  8.42800000e-06  0.00000000e+00 
 8.52800000e-06  0.00000000e+00  8.52800000e-06  0.00000000e+00 
 8.62800000e-06  0.00000000e+00  8.62800000e-06  0.00000000e+00 
 8.72800000e-06  0.00000000e+00  8.72800000e-06  0.00000000e+00 
 8.82800000e-06  0.00000000e+00  8.82800000e-06  0.00000000e+00 
 8.92800000e-06  0.00000000e+00  8.92800000e-06  0.00000000e+00 
 9.02800000e-06  0.00000000e+00  9.02800000e-06  0.00000000e+00 
 9.12800000e-06  0.00000000e+00  9.12800000e-06  0.00000000e+00 
 9.22800000e-06  0.00000000e+00  9.22800000e-06  0.00000000e+00 
 9.32800000e-06  0.00000000e+00  9.32800000e-06  0.00000000e+00 
 9.42800000e-06  0.00000000e+00  9.42800000e-06  0.00000000e+00 
 9.52800000e-06  0.00000000e+00  9.52800000e-06  0.00000000e+00 
 9.62800000e-06  0.00000000e+00  9.62800000e-06  0.00000000e+00 
 9.72800000e-06  0.00000000e+00  9.72800000e-06  0.00000000e+00 
 9.82800000e-06  0.00000000e+00  9.82800000e-06  0.00000000e+00 
 9.91400000e-06  0.00000000e+00  9.91400000e-06  0.00000000e+00 
 1.00000000e-05  0.00000000e+00  1.00000000e-05  0.00000000e+00 
 1.00013440e-05  3.95719917e-05  1.00013440e-05  2.68800000e-03 
 1.00040320e-05  2.28302283e-04  1.00040320e-05  8.06400000e-03 
 1.00094080e-05  1.32902762e-03  1.00094080e-05  1.88160000e-02 
 1.00153993e-05  3.66172769e-03  1.00153993e-05  3.07986409e-02 
 1.00273820e-05  1.12853388e-02  1.00273820e-05  5.47639228e-02 
 1.00513472e-05  3.56370474e-02  1.00513472e-05  1.02694487e-01 
 1.00920184e-05  9.47038266e-02  1.00920184e-05  1.84036899e-01 
 1.01546532e-05  2.06795481e-01  1.01546532e-05  3.09306382e-01 
 1.02546532e-05  4.02437116e-01  1.02546532e-05  5.09306382e-01 
 1.03546532e-05  6.02329045e-01  1.03546532e-05  7.09306382e-01 
 1.04546532e-05  8.02325819e-01  1.04546532e-05  9.09306382e-01 
 1.05546532e-05  1.00232660e+00  1.05546532e-05  1.10930638e+00 
 1.06546532e-05  1.20232639e+00  1.06546532e-05  1.30930638e+00 
 1.07546532e-05  1.40232744e+00  1.07546532e-05  1.50930638e+00 
 1.08546532e-05  1.60232750e+00  1.08546532e-05  1.70930638e+00 
 1.09273266e-05  1.74767532e+00  1.09273266e-05  1.85465319e+00 
 1.10000000e-05  1.89302218e+00  1.10000000e-05  2.00000000e+00 
 1.10100000e-05  1.91009808e+00  1.10100000e-05  2.00000000e+00 
 1.10300000e-05  1.93883684e+00  1.10300000e-05  2.00000000e+00 
 1.10700000e-05  1.97256027e+00  1.10700000e-05  2.00000000e+00 
 1.11500000e-05  1.99627826e+00  1.11500000e-05  2.00000000e+00 
 1.12500000e-05  1.99991410e+00  1.12500000e-05  2.00000000e+00 
 1.13500000e-05  2.00000179e+00  1.13500000e-05  2.00000000e+00 
 1.14500000e-05  2.00000875e+00  1.14500000e-05  2.00000000e+00 
 1.15500000e-05  2.00000605e+00  1.15500000e-05  2.00000000e+00 
 1.16500000e-05  2.00001030e+00  1.16500000e-05  2.00000000e+00 
 1.17500000e-05  2.00000765e+00  1.17500000e-05  2.00000000e+00 
 1.18500000e-05  2.00001152e+00  1.18500000e-05  2.00000000e+00 
 1.19500000e-05  2.00000898e+00  1.19500000e-05  2.00000000e+00 
 1.20500000e-05  2.00001250e+00  1.20500000e-05  2.00000000e+00 
 1.21500000e-05  2.00001008e+00  1.21500000e-05  2.00000000e+00 
 1.22500000e-05  2.00001329e+00  1.22500000e-05  2.00000000e+00 
 1.23500000e-05  2.00001099e+00  1.23500000e-05  2.00000000e+00 
 1.24500000e-05  2.00001392e+00  1.24500000e-05  2.00000000e+00 
 1.25500000e-05  2.00001175e+00  1.25500000e-05  2.00000000e+00 
 1.26500000e-05  2.00001443e+00  1.26500000e-05  2.00000000e+00 
 1.27500000e-05  2.00001238e+00  1.27500000e-05  2.00000000e+00 
 1.28500000e-05  2.00001484e+00  1.28500000e-05  2.00000000e+00 
 1.29500000e-05  2.00001291e+00  1.29500000e-05  2.00000000e+00 
 1.30500000e-05  2.00001516e+00  1.30500000e-05  2.00000000e+00 
 1.31500000e-05  2.00001335e+00  1.31500000e-05  2.00000000e+00 
 1.32500000e-05  2.00001542e+00  1.32500000e-05  2.00000000e+00 
 1.33500000e-05  2.00001371e+00  1.33500000e-05  2.00000000e+00 
 1.34500000e-05  2.00001562e+00  1.34500000e-05  2.00000000e+00 
 1.35500000e-05  2.00001402e+00  1.35500000e-05  2.00000000e+00 
 1.36500000e-05  2.00001578e+00  1.36500000e-05  2.00000000e+00 
 1.37500000e-05  2.00001428e+00  1.37500000e-05  2.00000000e+00 
 1.38500000e-05  2.00001590e+00  1.38500000e-05  2.00000000e+00 
 1.39500000e-05  2.00001450e+00  1.39500000e-05  2.00000000e+00 
 1.40500000e-05  2.00001599e+00  1.40500000e-05  2.00000000e+00 
 1.41500000e-05  2.00001469e+00  1.41500000e-05  2.00000000e+00 
 1.42500000e-05  2.00001606e+00  1.42500000e-05  2.00000000e+00 
 1.43500000e-05  2.00001485e+00  1.43500000e-05  2.00000000e+00 
 1.44500000e-05  2.00001612e+00  1.44500000e-05  2.00000000e+00 
 1.45500000e-05  2.00001498e+00  1.45500000e-05  2.00000000e+00 
 1.46500000e-05  2.00001615e+00  1.46500000e-05  2.00000000e+00 
 1.47500000e-05  2.00001509e+00  1.47500000e-05  2.00000000e+00 
 1.48500000e-05  2.00001618e+00  1.48500000e-05  2.00000000e+00 
 1.49500000e-05  2.00001519e+00  1.49500000e-05  2.00000000e+00 
 1.50500000e-05  2.00001620e+00  1.50500000e-05  2.00000000e+00 
 1.51500000e-05  2.00001528e+00  1.51500000e-05  2.00000000e+00 
 1.52500000e-05  2.00001621e+00  1.52500000e-05  2.00000000e+00 
 1.53500000e-05  2.00001535e+00  1.53500000e-05  2.00000000e+00 
 1.54500000e-05  2.00001621e+00  1.54500000e-05  2.00000000e+00 
 1.55500000e-05  2.00001542e+00  1.55500000e-05  2.00000000e+00 
 1.56500000e-05  2.00001621e+00  1.56500000e-05  2.00000000e+00 
 1.57500000e-05  2.00001547e+00  1.57500000e-05  2.00000000e+00 
 1.58500000e-05  2.00001621e+00  1.58500000e-05  2.00000000e+00 
 1.59500000e-05  2.00001552e+00  1.59500000e-05  2.00000000e+00 
 1.60500000e-05  2.00001620e+00  1.60500000e-05  2.00000000e+00 
 1.61500000e-05  2.00001556e+00  1.61500000e-05  2.00000000e+00 
 1.62500000e-05  2.00001620e+00  1.62500000e-05  2.00000000e+00 
 1.63500000e-05  2.00001560e+00  1.63500000e-05  2.00000000e+00 
 1.64500000e-05  2.00001619e+00  1.64500000e-05  2.00000000e+00 
 1.65500000e-05  2.00001563e+00  1.65500000e-05  2.00000000e+00 
 1.66500000e-05  2.00001618e+00  1.66500000e-05  2.00000000e+00 
 1.67500000e-05  2.00001566e+00  1.67500000e-05  2.00000000e+00 
 1.68500000e-05  2.00001617e+00  1.68500000e-05  2.00000000e+00 
 1.69500000e-05  2.00001569e+00  1.69500000e-05  2.00000000e+00 
 1.70500000e-05  2.00001616e+00  1.70500000e-05  2.00000000e+00 
 1.71500000e-05  2.00001571e+00  1.71500000e-05  2.00000000e+00 
 1.72500000e-05  2.00001615e+00  1.72500000e-05  2.00000000e+00 
 1.73500000e-05  2.00001573e+00  1.73500000e-05  2.00000000e+00 
 1.74500000e-05  2.00001614e+00  1.74500000e-05  2.00000000e+00 
 1.75500000e-05  2.00001575e+00  1.75500000e-05  2.00000000e+00 
 1.76500000e-05  2.00001613e+00  1.76500000e-05  2.00000000e+00 
 1.77500000e-05  2.00001577e+00  1.77500000e-05  2.00000000e+00 
 1.78500000e-05  2.00001612e+00  1.78500000e-05  2.00000000e+00 
 1.79500000e-05  2.00001579e+00  1.79500000e-05  2.00000000e+00 
 1.80500000e-05  2.00001611e+00  1.80500000e-05  2.00000000e+00 
 1.81500000e-05  2.00001580e+00  1.81500000e-05  2.00000000e+00 
 1.82500000e-05  2.00001610e+00  1.82500000e-05  2.00000000e+00 
 1.83500000e-05  2.00001581e+00  1.83500000e-05  2.00000000e+00 
 1.84500000e-05  2.00001609e+00  1.84500000e-05  2.00000000e+00 
 1.85500000e-05  2.00001583e+00  1.85500000e-05  2.00000000e+00 
 1.86500000e-05  2.00001608e+00  1.86500000e-05  2.00000000e+00 
 1.87500000e-05  2.00001584e+00  1.87500000e-05  2.00000000e+00 
 1.88500000e-05  2.00001607e+00  1.88500000e-05  2.00000000e+00 
 1.89500000e-05  2.00001585e+00  1.89500000e-05  2.00000000e+00 
 1.90500000e-05  2.00001607e+00  1.90500000e-05  2.00000000e+00 
 1.91500000e-05  2.00001585e+00  1.91500000e-05  2.00000000e+00 
 1.92500000e-05  2.00001606e+00  1.92500000e-05  2.00000000e+00 
 1.93500000e-05  2.00001586e+00  1.93500000e-05  2.00000000e+00 
 1.94500000e-05  2.00001605e+00  1.94500000e-05  2.00000000e+00 
 1.95500000e-05  2.00001587e+00  1.95500000e-05  2.00000000e+00 
 1.96500000e-05  2.00001605e+00  1.96500000e-05  2.00000000e+00 
 1.97500000e-05  2.00001588e+00  1.97500000e-05  2.00000000e+00 
 1.98500000e-05  2.00001604e+00  1.98500000e-05  2.00000000e+00 
 1.99500000e-05  2.00001588e+00  1.99500000e-05  2.00000000e+00 
 2.00500000e-05  2.00001604e+00  2.00500000e-05  2.00000000e+00 
 2.01500000e-05  2.00001589e+00  2.01500000e-05  2.00000000e+00 
 2.02500000e-05  2.00001603e+00  2.02500000e-05  2.00000000e+00 
 2.03500000e-05  2.00001590e+00  2.03500000e-05  2.00000000e+00 
 2.04500000e-05  2.00001603e+00  2.04500000e-05  2.00000000e+00 
 2.05500000e-05  2.00001590e+00  2.05500000e-05  2.00000000e+00 
 2.06500000e-05  2.00001602e+00  2.06500000e-05  2.00000000e+00 
 2.07500000e-05  2.00001590e+00  2.07500000e-05  2.00000000e+00 
 2.08500000e-05  2.00001602e+00  2.08500000e-05  2.00000000e+00 
 2.09500000e-05  2.00001591e+00  2.09500000e-05  2.00000000e+00 
 2.10500000e-05  2.00001601e+00  2.10500000e-05  2.00000000e+00 
 2.11500000e-05  2.00001591e+00  2.11500000e-05  2.00000000e+00 
 2.12500000e-05  2.00001601e+00  2.12500000e-05  2.00000000e+00 
 2.13500000e-05  2.00001592e+00  2.13500000e-05  2.00000000e+00 
 2.14500000e-05  2.00001601e+00  2.14500000e-05  2.00000000e+00 
 2.15500000e-05  2.00001592e+00  2.15500000e-05  2.00000000e+00 
 2.16500000e-05  2.00001600e+00  2.16500000e-05  2.00000000e+00 
 2.17500000e-05  2.00001592e+00  2.17500000e-05  2.00000000e+00 
 2.18500000e-05  2.00001600e+00  2.18500000e-05  2.00000000e+00 
 2.19500000e-05  2.00001593e+00  2.19500000e-05  2.00000000e+00 
 2.20500000e-05  2.00001600e+00  2.20500000e-05  2.00000000e+00 
 2.21500000e-05  2.00001593e+00  2.21500000e-05  2.00000000e+00 
 2.22500000e-05  2.00001600e+00  2.22500000e-05  2.00000000e+00 
 2.23500000e-05  2.00001593e+00  2.23500000e-05  2.00000000e+00 
 2.24500000e-05  2.00001599e+00  2.24500000e-05  2.00000000e+00 
 2.25500000e-05  2.00001593e+00  2.25500000e-05  2.00000000e+00 
 2.26500000e-05  2.00001599e+00  2.26500000e-05  2.00000000e+00 
 2.27500000e-05  2.00001594e+00  2.27500000e-05  2.00000000e+00 
 2.28500000e-05  2.00001599e+00  2.28500000e-05  2.00000000e+00 
 2.29500000e-05  2.00001594e+00  2.29500000e-05  2.00000000e+00 
 2.30500000e-05  2.00001599e+00  2.30500000e-05  2.00000000e+00 
 2.31500000e-05  2.00001594e+00  2.31500000e-05  2.00000000e+00 
 2.32500000e-05  2.00001599e+00  2.32500000e-05  2.00000000e+00 
 2.33500000e-05  2.00001594e+00  2.33500000e-05  2.00000000e+00 
 2.34500000e-05  2.00001598e+00  2.34500000e-05  2.00000000e+00 
 2.35500000e-05  2.00001594e+00  2.35500000e-05  2.00000000e+00 
 2.36500000e-05  2.00001598e+00  2.36500000e-05  2.00000000e+00 
 2.37500000e-05  2.00001594e+00  2.37500000e-05  2.00000000e+00 
 2.38500000e-05  2.00001598e+00  2.38500000e-05  2.00000000e+00 
 2.39500000e-05  2.00001595e+00  2.39500000e-05  2.00000000e+00 
 2.40500000e-05  2.00001598e+00  2.40500000e-05  2.00000000e+00 
 2.41500000e-05  2.00001595e+00  2.41500000e-05  2.00000000e+00 
 2.42500000e-05  2.00001598e+00  2.42500000e-05  2.00000000e+00 
 2.43500000e-05  2.00001595e+00  2.43500000e-05  2.00000000e+00 
 2.44500000e-05  2.00001598e+00  2.44500000e-05  2.00000000e+00 
 2.45500000e-05  2.00001595e+00  2.45500000e-05  2.00000000e+00 
 2.46500000e-05  2.00001598e+00  2.46500000e-05  2.00000000e+00 
 2.47500000e-05  2.00001595e+00  2.47500000e-05  2.00000000e+00 
 2.48500000e-05  2.00001598e+00  2.48500000e-05  2.00000000e+00 
 2.49500000e-05  2.00001595e+00  2.49500000e-05  2.00000000e+00 
 2.50500000e-05  2.00001597e+00  2.50500000e-05  2.00000000e+00 
 2.51500000e-05  2.00001595e+00  2.51500000e-05  2.00000000e+00 
 2.52500000e-05  2.00001597e+00  2.52500000e-05  2.00000000e+00 
 2.53500000e-05  2.00001595e+00  2.53500000e-05  2.00000000e+00 
 2.54500000e-05  2.00001597e+00  2.54500000e-05  2.00000000e+00 
 2.55500000e-05  2.00001595e+00  2.55500000e-05  2.00000000e+00 
 2.56500000e-05  2.00001597e+00  2.56500000e-05  2.00000000e+00 
 2.57500000e-05  2.00001595e+00  2.57500000e-05  2.00000000e+00 
 2.58500000e-05  2.00001597e+00  2.58500000e-05  2.00000000e+00 
 2.59500000e-05  2.00001595e+00  2.59500000e-05  2.00000000e+00 
 2.60500000e-05  2.00001597e+00  2.60500000e-05  2.00000000e+00 
 2.61500000e-05  2.00001596e+00  2.61500000e-05  2.00000000e+00 
 2.62500000e-05  2.00001597e+00  2.62500000e-05  2.00000000e+00 
 2.63500000e-05  2.00001596e+00  2.63500000e-05  2.00000000e+00 
 2.64500000e-05  2.00001597e+00  2.64500000e-05  2.00000000e+00 
 2.65500000e-05  2.00001596e+00  2.65500000e-05  2.00000000e+00 
 2.66500000e-05  2.00001597e+00  2.66500000e-05  2.00000000e+00 
 2.67500000e-05  2.00001596e+00  2.67500000e-05  2.00000000e+00 
 2.68500000e-05  2.00001597e+00  2.68500000e-05  2.00000000e+00 
 2.69500000e-05  2.00001596e+00  2.69500000e-05  2.00000000e+00 
 2.70500000e-05  2.00001597e+00  2.70500000e-05  2.00000000e+00 
 2.71500000e-05  2.00001596e+00  2.71500000e-05  2.00000000e+00 
 2.72500000e-05  2.00001597e+00  2.72500000e-05  2.00000000e+00 
 2.73500000e-05  2.00001596e+00  2.73500000e-05  2.00000000e+00 
 2.74500000e-05  2.00001597e+00  2.74500000e-05  2.00000000e+00 
 2.75500000e-05  2.00001596e+00  2.75500000e-05  2.00000000e+00 
 2.76500000e-05  2.00001597e+00  2.76500000e-05  2.00000000e+00 
 2.77500000e-05  2.00001596e+00  2.77500000e-05  2.00000000e+00 
 2.78500000e-05  2.00001597e+00  2.78500000e-05  2.00000000e+00 
 2.79500000e-05  2.00001596e+00  2.79500000e-05  2.00000000e+00 
 2.80500000e-05  2.00001597e+00  2.80500000e-05  2.00000000e+00 
 2.81500000e-05  2.00001596e+00  2.81500000e-05  2.00000000e+00 
 2.82500000e-05  2.00001597e+00  2.82500000e-05  2.00000000e+00 
 2.83500000e-05  2.00001596e+00  2.83500000e-05  2.00000000e+00 
 2.84500000e-05  2.00001597e+00  2.84500000e-05  2.00000000e+00 
 2.85500000e-05  2.00001596e+00  2.85500000e-05  2.00000000e+00 
 2.86500000e-05  2.00001597e+00  2.86500000e-05  2.00000000e+00 
 2.87500000e-05  2.00001596e+00  2.87500000e-05  2.00000000e+00 
 2.88500000e-05  2.00001597e+00  2.88500000e-05  2.00000000e+00 
 2.89500000e-05  2.00001596e+00  2.89500000e-05  2.00000000e+00 
 2.90500000e-05  2.00001597e+00  2.90500000e-05  2.00000000e+00 
 2.91500000e-05  2.00001596e+00  2.91500000e-05  2.00000000e+00 
 2.92500000e-05  2.00001597e+00  2.92500000e-05  2.00000000e+00 
 2.93500000e-05  2.00001596e+00  2.93500000e-05  2.00000000e+00 
 2.94500000e-05  2.00001597e+00  2.94500000e-05  2.00000000e+00 
 2.95500000e-05  2.00001596e+00  2.95500000e-05  2.00000000e+00 
 2.96500000e-05  2.00001597e+00  2.96500000e-05  2.00000000e+00 
 2.97500000e-05  2.00001596e+00  2.97500000e-05  2.00000000e+00 
 2.98500000e-05  2.00001596e+00  2.98500000e-05  2.00000000e+00 
 2.99500000e-05  2.00001596e+00  2.99500000e-05  2.00000000e+00 
 3.00500000e-05  2.00001596e+00  3.00500000e-05  2.00000000e+00 
 3.01500000e-05  2.00001596e+00  3.01500000e-05  2.00000000e+00 
 3.02500000e-05  2.00001596e+00  3.02500000e-05  2.00000000e+00 
 3.03500000e-05  2.00001596e+00  3.03500000e-05  2.00000000e+00 
 3.04500000e-05  2.00001596e+00  3.04500000e-05  2.00000000e+00 
 3.05500000e-05  2.00001596e+00  3.05500000e-05  2.00000000e+00 
 3.06500000e-05  2.00001596e+00  3.06500000e-05  2.00000000e+00 
 3.07500000e-05  2.00001596e+00  3.07500000e-05  2.00000000e+00 
 3.08500000e-05  2.00001596e+00  3.08500000e-05  2.00000000e+00 
 3.09500000e-05  2.00001596e+00  3.09500000e-05  2.00000000e+00 
 3.10500000e-05  2.00001596e+00  3.10500000e-05  2.00000000e+00 
 3.11500000e-05  2.00001596e+00  3.11500000e-05  2.00000000e+00 
 3.12500000e-05  2.00001596e+00  3.12500000e-05  2.00000000e+00 
 3.13500000e-05  2.00001596e+00  3.13500000e-05  2.00000000e+00 
 3.14500000e-05  2.00001596e+00  3.14500000e-05  2.00000000e+00 
 3.15500000e-05  2.00001596e+00  3.15500000e-05  2.00000000e+00 
 3.16500000e-05  2.00001596e+00  3.16500000e-05  2.00000000e+00 
 3.17500000e-05  2.00001596e+00  3.17500000e-05  2.00000000e+00 
 3.18500000e-05  2.00001596e+00  3.18500000e-05  2.00000000e+00 
 3.19500000e-05  2.00001596e+00  3.19500000e-05  2.00000000e+00 
 3.20500000e-05  2.00001596e+00  3.20500000e-05  2.00000000e+00 
 3.21500000e-05  2.00001596e+00  3.21500000e-05  2.00000000e+00 
 3.22500000e-05  2.00001596e+00  3.22500000e-05  2.00000000e+00 
 3.23500000e-05  2.00001596e+00  3.23500000e-05  2.00000000e+00 
 3.24500000e-05  2.00001596e+00  3.24500000e-05  2.00000000e+00 
 3.25500000e-05  2.00001596e+00  3.25500000e-05  2.00000000e+00 
 3.26500000e-05  2.00001596e+00  3.26500000e-05  2.00000000e+00 
 3.27500000e-05  2.00001596e+00  3.27500000e-05  2.00000000e+00 
 3.28500000e-05  2.00001596e+00  3.28500000e-05  2.00000000e+00 
 3.29500000e-05  2.00001596e+00  3.29500000e-05  2.00000000e+00 
 3.30500000e-05  2.00001596e+00  3.30500000e-05  2.00000000e+00 
 3.31500000e-05  2.00001596e+00  3.31500000e-05  2.00000000e+00 
 3.32500000e-05  2.00001596e+00  3.32500000e-05  2.00000000e+00 
 3.33500000e-05  2.00001596e+00  3.33500000e-05  2.00000000e+00 
 3.34500000e-05  2.00001596e+00  3.34500000e-05  2.00000000e+00 
 3.35500000e-05  2.00001596e+00  3.35500000e-05  2.00000000e+00 
 3.36500000e-05  2.00001596e+00  3.36500000e-05  2.00000000e+00 
 3.37500000e-05  2.00001596e+00  3.37500000e-05  2.00000000e+00 
 3.38500000e-05  2.00001596e+00  3.38500000e-05  2.00000000e+00 
 3.39500000e-05  2.00001596e+00  3.39500000e-05  2.00000000e+00 
 3.40500000e-05  2.00001596e+00  3.40500000e-05  2.00000000e+00 
 3.41500000e-05  2.00001596e+00  3.41500000e-05  2.00000000e+00 
 3.42500000e-05  2.00001596e+00  3.42500000e-05  2.00000000e+00 
 3.43500000e-05  2.00001596e+00  3.43500000e-05  2.00000000e+00 
 3.44500000e-05  2.00001596e+00  3.44500000e-05  2.00000000e+00 
 3.45500000e-05  2.00001596e+00  3.45500000e-05  2.00000000e+00 
 3.46500000e-05  2.00001596e+00  3.46500000e-05  2.00000000e+00 
 3.47500000e-05  2.00001596e+00  3.47500000e-05  2.00000000e+00 
 3.48500000e-05  2.00001596e+00  3.48500000e-05  2.00000000e+00 
 3.49500000e-05  2.00001596e+00  3.49500000e-05  2.00000000e+00 
 3.50500000e-05  2.00001596e+00  3.50500000e-05  2.00000000e+00 
 3.51500000e-05  2.00001596e+00  3.51500000e-05  2.00000000e+00 
 3.52500000e-05  2.00001596e+00  3.52500000e-05  2.00000000e+00 
 3.53500000e-05  2.00001596e+00  3.53500000e-05  2.00000000e+00 
 3.54500000e-05  2.00001596e+00  3.54500000e-05  2.00000000e+00 
 3.55500000e-05  2.00001596e+00  3.55500000e-05  2.00000000e+00 
 3.56500000e-05  2.00001596e+00  3.56500000e-05  2.00000000e+00 
 3.57500000e-05  2.00001596e+00  3.57500000e-05  2.00000000e+00 
 3.58500000e-05  2.00001596e+00  3.58500000e-05  2.00000000e+00 
 3.59500000e-05  2.00001596e+00  3.59500000e-05  2.00000000e+00 
 3.60500000e-05  2.00001596e+00  3.60500000e-05  2.00000000e+00 
 3.61500000e-05  2.00001596e+00  3.61500000e-05  2.00000000e+00 
 3.62500000e-05  2.00001596e+00  3.62500000e-05  2.00000000e+00 
 3.63500000e-05  2.00001596e+00  3.63500000e-05  2.00000000e+00 
 3.64500000e-05  2.00001596e+00  3.64500000e-05  2.00000000e+00 
 3.65500000e-05  2.00001596e+00  3.65500000e-05  2.00000000e+00 
 3.66500000e-05  2.00001596e+00  3.66500000e-05  2.00000000e+00 
 3.67500000e-05  2.00001596e+00  3.67500000e-05  2.00000000e+00 
 3.68500000e-05  2.00001596e+00  3.68500000e-05  2.00000000e+00 
 3.69500000e-05  2.00001596e+00  3.69500000e-05  2.00000000e+00 
 3.70500000e-05  2.00001596e+00  3.70500000e-05  2.00000000e+00 
 3.71500000e-05  2.00001596e+00  3.71500000e-05  2.00000000e+00 
 3.72500000e-05  2.00001596e+00  3.72500000e-05  2.00000000e+00 
 3.73500000e-05  2.00001596e+00  3.73500000e-05  2.00000000e+00 
 3.74500000e-05  2.00001596e+00  3.74500000e-05  2.00000000e+00 
 3.75500000e-05  2.00001596e+00  3.75500000e-05  2.00000000e+00 
 3.76500000e-05  2.00001596e+00  3.76500000e-05  2.00000000e+00 
 3.77500000e-05  2.00001596e+00  3.77500000e-05  2.00000000e+00 
 3.78500000e-05  2.00001596e+00  3.78500000e-05  2.00000000e+00 
 3.79500000e-05  2.00001596e+00  3.79500000e-05  2.00000000e+00 
 3.80500000e-05  2.00001596e+00  3.80500000e-05  2.00000000e+00 
 3.81500000e-05  2.00001596e+00  3.81500000e-05  2.00000000e+00 
 3.82500000e-05  2.00001596e+00  3.82500000e-05  2.00000000e+00 
 3.83500000e-05  2.00001596e+00  3.83500000e-05  2.00000000e+00 
 3.84500000e-05  2.00001596e+00  3.84500000e-05  2.00000000e+00 
 3.85500000e-05  2.00001596e+00  3.85500000e-05  2.00000000e+00 
 3.86500000e-05  2.00001596e+00  3.86500000e-05  2.00000000e+00 
 3.87500000e-05  2.00001596e+00  3.87500000e-05  2.00000000e+00 
 3.88500000e-05  2.00001596e+00  3.88500000e-05  2.00000000e+00 
 3.89500000e-05  2.00001596e+00  3.89500000e-05  2.00000000e+00 
 3.90500000e-05  2.00001596e+00  3.90500000e-05  2.00000000e+00 
 3.91500000e-05  2.00001596e+00  3.91500000e-05  2.00000000e+00 
 3.92500000e-05  2.00001596e+00  3.92500000e-05  2.00000000e+00 
 3.93500000e-05  2.00001596e+00  3.93500000e-05  2.00000000e+00 
 3.94500000e-05  2.00001596e+00  3.94500000e-05  2.00000000e+00 
 3.95500000e-05  2.00001596e+00  3.95500000e-05  2.00000000e+00 
 3.96500000e-05  2.00001596e+00  3.96500000e-05  2.00000000e+00 
 3.97500000e-05  2.00001596e+00  3.97500000e-05  2.00000000e+00 
 3.98500000e-05  2.00001596e+00  3.98500000e-05  2.00000000e+00 
 3.99500000e-05  2.00001596e+00  3.99500000e-05  2.00000000e+00 
 4.00500000e-05  2.00001596e+00  4.00500000e-05  2.00000000e+00 
 4.01500000e-05  2.00001596e+00  4.01500000e-05  2.00000000e+00 
 4.02500000e-05  2.00001596e+00  4.02500000e-05  2.00000000e+00 
 4.03500000e-05  2.00001596e+00  4.03500000e-05  2.00000000e+00 
 4.04500000e-05  2.00001596e+00  4.04500000e-05  2.00000000e+00 
 4.05500000e-05  2.00001596e+00  4.05500000e-05  2.00000000e+00 
 4.06500000e-05  2.00001596e+00  4.06500000e-05  2.00000000e+00 
 4.07500000e-05  2.00001596e+00  4.07500000e-05  2.00000000e+00 
 4.08500000e-05  2.00001596e+00  4.08500000e-05  2.00000000e+00 
 4.09500000e-05  2.00001596e+00  4.09500000e-05  2.00000000e+00 
 4.10500000e-05  2.00001596e+00  4.10500000e-05  2.00000000e+00 
 4.11500000e-05  2.00001596e+00  4.11500000e-05  2.00000000e+00 
 4.12500000e-05  2.00001596e+00  4.12500000e-05  2.00000000e+00 
 4.13500000e-05  2.00001596e+00  4.13500000e-05  2.00000000e+00 
 4.14500000e-05  2.00001596e+00  4.14500000e-05  2.00000000e+00 
 4.15500000e-05  2.00001596e+00  4.15500000e-05  2.00000000e+00 
 4.16500000e-05  2.00001596e+00  4.16500000e-05  2.00000000e+00 
 4.17500000e-05  2.00001596e+00  4.17500000e-05  2.00000000e+00 
 4.18500000e-05  2.00001596e+00  4.18500000e-05  2.00000000e+00 
 4.19500000e-05  2.00001596e+00  4.19500000e-05  2.00000000e+00 
 4.20500000e-05  2.00001596e+00  4.20500000e-05  2.00000000e+00 
 4.21500000e-05  2.00001596e+00  4.21500000e-05  2.00000000e+00 
 4.22500000e-05  2.00001596e+00  4.22500000e-05  2.00000000e+00 
 4.23500000e-05  2.00001596e+00  4.23500000e-05  2.00000000e+00 
 4.24500000e-05  2.00001596e+00  4.24500000e-05  2.00000000e+00 
 4.25500000e-05  2.00001596e+00  4.25500000e-05  2.00000000e+00 
 4.26500000e-05  2.00001596e+00  4.26500000e-05  2.00000000e+00 
 4.27500000e-05  2.00001596e+00  4.27500000e-05  2.00000000e+00 
 4.28500000e-05  2.00001596e+00  4.28500000e-05  2.00000000e+00 
 4.29500000e-05  2.00001596e+00  4.29500000e-05  2.00000000e+00 
 4.30500000e-05  2.00001596e+00  4.30500000e-05  2.00000000e+00 
 4.31500000e-05  2.00001596e+00  4.31500000e-05  2.00000000e+00 
 4.32500000e-05  2.00001596e+00  4.32500000e-05  2.00000000e+00 
 4.33500000e-05  2.00001596e+00  4.33500000e-05  2.00000000e+00 
 4.34500000e-05  2.00001596e+00  4.34500000e-05  2.00000000e+00 
 4.35500000e-05  2.00001596e+00  4.35500000e-05  2.00000000e+00 
 4.36500000e-05  2.00001596e+00  4.36500000e-05  2.00000000e+00 
 4.37500000e-05  2.00001596e+00  4.37500000e-05  2.00000000e+00 
 4.38500000e-05  2.00001596e+00  4.38500000e-05  2.00000000e+00 
 4.39500000e-05  2.00001596e+00  4.39500000e-05  2.00000000e+00 
 4.40500000e-05  2.00001596e+00  4.40500000e-05  2.00000000e+00 
 4.41500000e-05  2.00001596e+00  4.41500000e-05  2.00000000e+00 
 4.42500000e-05  2.00001596e+00  4.42500000e-05  2.00000000e+00 
 4.43500000e-05  2.00001596e+00  4.43500000e-05  2.00000000e+00 
 4.44500000e-05  2.00001596e+00  4.44500000e-05  2.00000000e+00 
 4.45500000e-05  2.00001596e+00  4.45500000e-05  2.00000000e+00 
 4.46500000e-05  2.00001596e+00  4.46500000e-05  2.00000000e+00 
 4.47500000e-05  2.00001596e+00  4.47500000e-05  2.00000000e+00 
 4.48500000e-05  2.00001596e+00  4.48500000e-05  2.00000000e+00 
 4.49500000e-05  2.00001596e+00  4.49500000e-05  2.00000000e+00 
 4.50500000e-05  2.00001596e+00  4.50500000e-05  2.00000000e+00 
 4.51500000e-05  2.00001596e+00  4.51500000e-05  2.00000000e+00 
 4.52500000e-05  2.00001596e+00  4.52500000e-05  2.00000000e+00 
 4.53500000e-05  2.00001596e+00  4.53500000e-05  2.00000000e+00 
 4.54500000e-05  2.00001596e+00  4.54500000e-05  2.00000000e+00 
 4.55500000e-05  2.00001596e+00  4.55500000e-05  2.00000000e+00 
 4.56500000e-05  2.00001596e+00  4.56500000e-05  2.00000000e+00 
 4.57500000e-05  2.00001596e+00  4.57500000e-05  2.00000000e+00 
 4.58500000e-05  2.00001596e+00  4.58500000e-05  2.00000000e+00 
 4.59500000e-05  2.00001596e+00  4.59500000e-05  2.00000000e+00 
 4.60500000e-05  2.00001596e+00  4.60500000e-05  2.00000000e+00 
 4.61500000e-05  2.00001596e+00  4.61500000e-05  2.00000000e+00 
 4.62500000e-05  2.00001596e+00  4.62500000e-05  2.00000000e+00 
 4.63500000e-05  2.00001596e+00  4.63500000e-05  2.00000000e+00 
 4.64500000e-05  2.00001596e+00  4.64500000e-05  2.00000000e+00 
 4.65500000e-05  2.00001596e+00  4.65500000e-05  2.00000000e+00 
 4.66500000e-05  2.00001596e+00  4.66500000e-05  2.00000000e+00 
 4.67500000e-05  2.00001596e+00  4.67500000e-05  2.00000000e+00 
 4.68500000e-05  2.00001596e+00  4.68500000e-05  2.00000000e+00 
 4.69500000e-05  2.00001596e+00  4.69500000e-05  2.00000000e+00 
 4.70500000e-05  2.00001596e+00  4.70500000e-05  2.00000000e+00 
 4.71500000e-05  2.00001596e+00  4.71500000e-05  2.00000000e+00 
 4.72500000e-05  2.00001596e+00  4.72500000e-05  2.00000000e+00 
 4.73500000e-05  2.00001596e+00  4.73500000e-05  2.00000000e+00 
 4.74500000e-05  2.00001596e+00  4.74500000e-05  2.00000000e+00 
 4.75500000e-05  2.00001596e+00  4.75500000e-05  2.00000000e+00 
 4.76500000e-05  2.00001596e+00  4.76500000e-05  2.00000000e+00 
 4.77500000e-05  2.00001596e+00  4.77500000e-05  2.00000000e+00 
 4.78500000e-05  2.00001596e+00  4.78500000e-05  2.00000000e+00 
 4.79500000e-05  2.00001596e+00  4.79500000e-05  2.00000000e+00 
 4.80500000e-05  2.00001596e+00  4.80500000e-05  2.00000000e+00 
 4.81500000e-05  2.00001596e+00  4.81500000e-05  2.00000000e+00 
 4.82500000e-05  2.00001596e+00  4.82500000e-05  2.00000000e+00 
 4.83500000e-05  2.00001596e+00  4.83500000e-05  2.00000000e+00 
 4.84500000e-05  2.00001596e+00  4.84500000e-05  2.00000000e+00 
 4.85500000e-05  2.00001596e+00  4.85500000e-05  2.00000000e+00 
 4.86500000e-05  2.00001596e+00  4.86500000e-05  2.00000000e+00 
 4.87500000e-05  2.00001596e+00  4.87500000e-05  2.00000000e+00 
 4.88500000e-05  2.00001596e+00  4.88500000e-05  2.00000000e+00 
 4.89500000e-05  2.00001596e+00  4.89500000e-05  2.00000000e+00 
 4.90500000e-05  2.00001596e+00  4.90500000e-05  2.00000000e+00 
 4.91500000e-05  2.00001596e+00  4.91500000e-05  2.00000000e+00 
 4.92500000e-05  2.00001596e+00  4.92500000e-05  2.00000000e+00 
 4.93500000e-05  2.00001596e+00  4.93500000e-05  2.00000000e+00 
 4.94500000e-05  2.00001596e+00  4.94500000e-05  2.00000000e+00 
 4.95500000e-05  2.00001596e+00  4.95500000e-05  2.00000000e+00 
 4.96500000e-05  2.00001596e+00  4.96500000e-05  2.00000000e+00 
 4.97500000e-05  2.00001596e+00  4.97500000e-05  2.00000000e+00 
 4.98500000e-05  2.00001596e+00  4.98500000e-05  2.00000000e+00 
 4.99500000e-05  2.00001596e+00  4.99500000e-05  2.00000000e+00 
 5.00500000e-05  2.00001596e+00  5.00500000e-05  2.00000000e+00 
 5.01500000e-05  2.00001596e+00  5.01500000e-05  2.00000000e+00 
 5.02500000e-05  2.00001596e+00  5.02500000e-05  2.00000000e+00 
 5.03500000e-05  2.00001596e+00  5.03500000e-05  2.00000000e+00 
 5.04500000e-05  2.00001596e+00  5.04500000e-05  2.00000000e+00 
 5.05500000e-05  2.00001596e+00  5.05500000e-05  2.00000000e+00 
 5.06500000e-05  2.00001596e+00  5.06500000e-05  2.00000000e+00 
 5.07500000e-05  2.00001596e+00  5.07500000e-05  2.00000000e+00 
 5.08500000e-05  2.00001596e+00  5.08500000e-05  2.00000000e+00 
 5.09250000e-05  2.00001596e+00  5.09250000e-05  2.00000000e+00 
 5.10000000e-05  2.00001596e+00  5.10000000e-05  2.00000000e+00 
 5.10100000e-05  1.99709157e+00  5.10100000e-05  1.98000000e+00 
 5.10300000e-05  1.98583013e+00  5.10300000e-05  1.94000000e+00 
 5.10700000e-05  1.93955327e+00  5.10700000e-05  1.86000000e+00 
 5.11500000e-05  1.80327054e+00  5.11500000e-05  1.70000000e+00 
 5.12500000e-05  1.60690548e+00  5.12500000e-05  1.50000000e+00 
 5.13500000e-05  1.40699216e+00  5.13500000e-05  1.30000000e+00 
 5.14500000e-05  1.20699809e+00  5.14500000e-05  1.10000000e+00 
 5.15500000e-05  1.00699427e+00  5.15500000e-05  9.00000000e-01 
 5.16500000e-05  8.06997405e-01  5.16500000e-05  7.00000000e-01 
 5.17500000e-05  6.06993543e-01  5.17500000e-05  5.00000000e-01 
 5.18500000e-05  4.06996202e-01  5.18500000e-05  3.00000000e-01 
 5.19250000e-05  2.56992581e-01  5.19250000e-05  1.50000000e-01 
 5.20000000e-05  1.06994985e-01  5.20000000e-05  0.00000000e+00 
 5.20100000e-05  8.99179807e-02  5.20100000e-05  0.00000000e+00 
 5.20300000e-05  6.11790340e-02  5.20300000e-05  0.00000000e+00 
 5.20700000e-05  2.74557668e-02  5.20700000e-05  0.00000000e+00 
 5.21038310e-05  1.40946284e-02  5.21038310e-05  0.00000000e+00 
 5.21352599e-05  7.60900423e-03  5.21352599e-05  0.00000000e+00 
 5.21705705e-05  3.79045274e-03  5.21705705e-05  0.00000000e+00 
 5.22063245e-05  1.86989568e-03  5.22063245e-05  0.00000000e+00 
 5.22422858e-05  9.23911696e-04  5.22422858e-05  0.00000000e+00 
 5.22770090e-05  4.68511972e-04  5.22770090e-05  0.00000000e+00 
 5.23118838e-05  2.41558681e-04  5.23118838e-05  0.00000000e+00 
 5.23472784e-05  1.23348225e-04  5.23472784e-05  0.00000000e+00 
 5.23820242e-05  6.79041757e-05  5.23820242e-05  0.00000000e+00 
 5.24189382e-05  3.61763724e-05  5.24189382e-05  0.00000000e+00 
 5.24559337e-05  2.28215484e-05  5.24559337e-05  0.00000000e+00 
 5.24957358e-05  1.39759150e-05  5.24957358e-05  0.00000000e+00 
 5.25376644e-05  1.13430363e-05  5.25376644e-05  0.00000000e+00 
 5.25874382e-05  8.26324591e-06  5.25874382e-05  0.00000000e+00 
 5.26447563e-05  8.14245032e-06  5.26447563e-05  0.00000000e+00 
 5.27245422e-05  6.43171568e-06  5.27245422e-05  0.00000000e+00 
 5.28245422e-05  6.61674517e-06  5.28245422e-05  0.00000000e+00 
 5.29245422e-05  5.18611403e-06  5.29245422e-05  0.00000000e+00 
 5.30245422e-05  5.46255781e-06  5.30245422e-05  0.00000000e+00 
 5.31245422e-05  4.20013903e-06  5.31245422e-05  0.00000000e+00 
 5.32245422e-05  4.51512916e-06  5.32245422e-05  0.00000000e+00 
 5.33245422e-05  3.39629092e-06  5.33245422e-05  0.00000000e+00 
 5.34245422e-05  3.73644236e-06  5.34245422e-05  0.00000000e+00 
 5.35245422e-05  2.74127870e-06  5.35245422e-05  0.00000000e+00 
 5.36245422e-05  3.09611100e-06  5.36245422e-05  0.00000000e+00 
 5.37245422e-05  2.20788608e-06  5.37245422e-05  0.00000000e+00 
 5.38245422e-05  2.56924528e-06  5.38245422e-05  0.00000000e+00 
 5.39245422e-05  1.77384954e-06  5.39245422e-05  0.00000000e+00 
 5.40245422e-05  2.13545552e-06  5.40245422e-05  0.00000000e+00 
 5.41245422e-05  1.42095872e-06  5.41245422e-05  0.00000000e+00 
 5.42245422e-05  1.77803695e-06  5.42245422e-05  0.00000000e+00 
 5.43245422e-05  1.13432018e-06  5.43245422e-05  0.00000000e+00 
 5.44245422e-05  1.48330222e-06  5.44245422e-05  0.00000000e+00 
 5.45245422e-05  9.01754632e-07  5.45245422e-05  0.00000000e+00 
 5.46245422e-05  1.24003494e-06  5.46245422e-05  0.00000000e+00 
 5.47245422e-05  7.13303773e-07  5.47245422e-05  0.00000000e+00 
 5.48245422e-05  1.03904233e-06  5.48245422e-05  0.00000000e+00 
 5.49245422e-05  5.60826499e-07  5.49245422e-05  0.00000000e+00 
 5.50245422e-05  8.72788872e-07  5.50245422e-05  0.00000000e+00 
 5.51245422e-05  4.37668504e-07  5.51245422e-05  0.00000000e+00 
 5.52245422e-05  7.35096481e-07  5.52245422e-05  0.00000000e+00 
 5.53245422e-05  3.38391848e-07  5.53245422e-05  0.00000000e+00 
 5.54245422e-05  6.20898898e-07  5.54245422e-05  0.00000000e+00 
 5.55245422e-05  2.58553637e-07  5.55245422e-05  0.00000000e+00 
 5.56245422e-05  5.26040656e-07  5.56245422e-05  0.00000000e+00 
 5.57245422e-05  1.94524899e-07  5.57245422e-05  0.00000000e+00 
 5.58245422e-05  4.47112450e-07  5.58245422e-05  0.00000000e+00 
 5.59245422e-05  1.43342362e-07  5.59245422e-05  0.00000000e+00 
 5.60245422e-05  3.81316331e-07  5.60245422e-05  0.00000000e+00 
 5.61245422e-05  1.02587165e-07  5.61245422e-05  0.00000000e+00 
 5.62245422e-05  3.26355309e-07  5.62245422e-05  0.00000000e+00 
 5.63245422e-05  7.02855997e-08  5.63245422e-05  0.00000000e+00 
 5.64245422e-05  2.80342954e-07  5.64245422e-05  0.00000000e+00 
 5.65245422e-05  4.48279051e-08  5.65245422e-05  0.00000000e+00 
 5.66245422e-05  2.41729361e-07  5.66245422e-05  0.00000000e+00 
 5.67245422e-05  2.49018189e-08  5.67245422e-05  0.00000000e+00 
 5.68245422e-05  2.09240504e-07  5.68245422e-05  0.00000000e+00 
 5.69245422e-05  9.43821596e-09  5.69245422e-05  0.00000000e+00 
 5.70245422e-05  1.81828577e-07  5.70245422e-05  0.00000000e+00 
 5.71245422e-05 -2.43336357e-09  5.71245422e-05  0.00000000e+00 
 5.72245422e-05  1.58631303e-07  5.72245422e-05  0.00000000e+00 
 5.73245422e-05 -1.14210927e-08  5.73245422e-05  0.00000000e+00 
 5.74245422e-05  1.38938609e-07  5.74245422e-05  0.00000000e+00 
 5.75245422e-05 -1.81006121e-08  5.75245422e-05  0.00000000e+00 
 5.76245422e-05  1.22165314e-07  5.76245422e-05  0.00000000e+00 
 5.77245422e-05 -2.29393647e-08  5.77245422e-05  0.00000000e+00 
 5.78245422e-05  1.07828760e-07  5.78245422e-05  0.00000000e+00 
 5.79245422e-05 -2.63164944e-08  5.79245422e-05  0.00000000e+00 
 5.80245422e-05  9.55304697e-08  5.80245422e-05  0.00000000e+00 
 5.81245422e-05 -2.85391158e-08  5.81245422e-05  0.00000000e+00 
 5.82245422e-05  8.49411222e-08  5.82245422e-05  0.00000000e+00 
 5.83245422e-05 -2.98556144e-08  5.83245422e-05  0.00000000e+00 
 5.84245422e-05  7.57882301e-08  5.84245422e-05  0.00000000e+00 
 5.85245422e-05 -3.04665174e-08  5.85245422e-05  0.00000000e+00 
 5.86245422e-05  6.78460397e-08  5.86245422e-05  0.00000000e+00 
 5.87245422e-05 -3.05333766e-08  5.87245422e-05  0.00000000e+00 
 5.88245422e-05  6.09272469e-08  5.88245422e-05  0.00000000e+00 
 5.89245422e-05 -3.01860252e-08  5.89245422e-05  0.00000000e+00 
 5.90245422e-05  5.48762020e-08  5.90245422e-05  0.00000000e+00 
 5.91245422e-05 -2.95285060e-08  5.91245422e-05  0.00000000e+00 
 5.92245422e-05  4.95633349e-08  5.92245422e-05  0.00000000e+00 
 5.93245422e-05 -2.86439098e-08  5.93245422e-05  0.00000000e+00 
 5.94245422e-05  4.48805783e-08  5.94245422e-05  0.00000000e+00 
 5.95245422e-05 -2.75983264e-08  5.95245422e-05  0.00000000e+00 
 5.96245422e-05  4.07376117e-08  5.96245422e-05  0.00000000e+00 
 5.97245422e-05 -2.64440667e-08  5.97245422e-05  0.00000000e+00 
 5.98245422e-05  3.70587751e-08  5.98245422e-05  0.00000000e+00 
 5.99245422e-05 -2.52222911e-08  5.99245422e-05  0.00000000e+00 
 6.00245422e-05  3.37805333e-08  6.00245422e-05  0.00000000e+00 
 6.01245422e-05 -2.39651519e-08  6.01245422e-05  0.00000000e+00 
 6.02245422e-05  3.08493918e-08  6.02245422e-05  0.00000000e+00 
 6.03245422e-05 -2.26975379e-08  6.03245422e-05  0.00000000e+00 
 6.04245422e-05  2.82201820e-08  6.04245422e-05  0.00000000e+00 
 6.05245422e-05 -2.14384950e-08  6.05245422e-05  0.00000000e+00 
 6.06245422e-05  2.58546496e-08  6.06245422e-05  0.00000000e+00 
 6.07245422e-05 -2.02023816e-08  6.07245422e-05  0.00000000e+00 
 6.08245422e-05  2.37202928e-08  6.08245422e-05  0.00000000e+00 
 6.09245422e-05 -1.89998076e-08  6.09245422e-05  0.00000000e+00 
 6.10245422e-05  2.17894036e-08  6.10245422e-05  0.00000000e+00 
 6.11245422e-05 -1.78383964e-08  6.11245422e-05  0.00000000e+00 
 6.12245422e-05  2.00382777e-08  6.12245422e-05  0.00000000e+00 
 6.13245422e-05 -1.67234034e-08  6.13245422e-05  0.00000000e+00 
 6.14245422e-05  1.84465616e-08  6.14245422e-05  0.00000000e+00 
 6.15245422e-05 -1.56582159e-08  6.15245422e-05  0.00000000e+00 
 6.16245422e-05  1.69967131e-08  6.16245422e-05  0.00000000e+00 
 6.17245422e-05 -1.46447579e-08  6.17245422e-05  0.00000000e+00 
 6.18245422e-05  1.56735545e-08  6.18245422e-05  0.00000000e+00 
 6.19245422e-05 -1.36838170e-08  6.19245422e-05  0.00000000e+00 
 6.20245422e-05  1.44639024e-08  6.20245422e-05  0.00000000e+00 
 6.21245422e-05 -1.27753063e-08  6.21245422e-05  0.00000000e+00 
 6.22245422e-05  1.33562608e-08  6.22245422e-05  0.00000000e+00 
 6.23245422e-05 -1.19184764e-08  6.23245422e-05  0.00000000e+00 
 6.24245422e-05  1.23405652e-08  6.24245422e-05  0.00000000e+00 
 6.25245422e-05 -1.11120839e-08  6.25245422e-05  0.00000000e+00 
 6.26245422e-05  1.14079703e-08  6.26245422e-05  0.00000000e+00 
 6.27245422e-05 -1.03545266e-08  6.27245422e-05  0.00000000e+00 
 6.28245422e-05  1.05506720e-08  6.28245422e-05  0.00000000e+00 
 6.29245422e-05 -9.64395026e-09  6.29245422e-05  0.00000000e+00 
 6.30245422e-05  9.76175961e-09  6.30245422e-05  0.00000000e+00 
 6.31245422e-05 -8.97833352e-09  6.31245422e-05  0.00000000e+00 
 6.32245422e-05  9.03509065e-09  6.32245422e-05  0.00000000e+00 
 6.33245422e-05 -8.35555445e-09  6.33245422e-05  0.00000000e+00 
 6.34245422e-05  8.36518691e-09  6.34245422e-05  0.00000000e+00 
 6.35245422e-05 -7.77344226e-09  6.35245422e-05  0.00000000e+00 
 6.36245422e-05  7.74714605e-09  6.36245422e-05  0.00000000e+00 
 6.37245422e-05 -7.22981744e-09  6.37245422e-05  0.00000000e+00 
 6.38245422e-05  7.17656724e-09  6.38245422e-05  0.00000000e+00 
 6.39245422e-05 -6.72252221e-09  6.39245422e-05  0.00000000e+00 
 6.40245422e-05  6.64948802e-09  6.40245422e-05  0.00000000e+00 
 6.41245422e-05 -6.24944349e-09  6.41245422e-05  0.00000000e+00 
 6.42245422e-05  6.16233071e-09  6.42245422e-05  0.00000000e+00 
 6.43245422e-05 -5.80852965e-09  6.43245422e-05  0.00000000e+00 
 6.44245422e-05  5.71185656e-09  6.44245422e-05  0.00000000e+00 
 6.45245422e-05 -5.39780257e-09  6.45245422e-05  0.00000000e+00 
 6.46245422e-05  5.29512661e-09  6.46245422e-05  0.00000000e+00 
 6.47245422e-05 -5.01536572e-09  6.47245422e-05  0.00000000e+00 
 6.48245422e-05  4.90946794e-09  6.48245422e-05  0.00000000e+00 
 6.49245422e-05 -4.65940933e-09  6.49245422e-05  0.00000000e+00 
 6.50245422e-05  4.55244464e-09  6.50245422e-05  0.00000000e+00 
 6.51245422e-05 -4.32821310e-09  6.51245422e-05  0.00000000e+00 
 6.52245422e-05  4.22183262e-09  6.52245422e-05  0.00000000e+00 
 6.53245422e-05 -4.02014719e-09  6.53245422e-05  0.00000000e+00 
 6.54245422e-05  3.91559773e-09  6.54245422e-05  0.00000000e+00 
 6.55245422e-05 -3.73367169e-09  6.55245422e-05  0.00000000e+00 
 6.56245422e-05  3.63187666e-09  6.56245422e-05  0.00000000e+00 
 6.57245422e-05 -3.46733512e-09  6.57245422e-05  0.00000000e+00 
 6.58245422e-05  3.36896015e-09  6.58245422e-05  0.00000000e+00 
 6.59245422e-05 -3.21977211e-09  6.59245422e-05  0.00000000e+00 
 6.60245422e-05  3.12527833e-09  6.60245422e-05  0.00000000e+00 
 6.61245422e-05 -2.98970052e-09  6.61245422e-05  0.00000000e+00 
 6.62245422e-05  2.89938765e-09  6.62245422e-05  0.00000000e+00 
 6.63245422e-05 -2.77591815e-09  6.63245422e-05  0.00000000e+00 
 6.64245422e-05  2.68995940e-09  6.64245422e-05  0.00000000e+00 
 6.65245422e-05 -2.57729922e-09  6.65245422e-05  0.00000000e+00 
 6.66245422e-05  2.49576941e-09  6.66245422e-05  0.00000000e+00 
 6.67245422e-05 -2.39279069e-09  6.67245422e-05  0.00000000e+00 
 6.68245422e-05  2.31568890e-09  6.68245422e-05  0.00000000e+00 
 6.69245422e-05 -2.22140852e-09  6.69245422e-05  0.00000000e+00 
 6.70245422e-05  2.14867631e-09  6.70245422e-05  0.00000000e+00 
 6.71245422e-05 -2.06223391e-09  6.71245422e-05  0.00000000e+00 
 6.72245422e-05  1.99376991e-09  6.72245422e-05  0.00000000e+00 
 6.73245422e-05 -1.91440962e-09  6.73245422e-05  0.00000000e+00 
 6.74245422e-05  1.85008116e-09  6.74245422e-05  0.00000000e+00 
 6.75245422e-05 -1.77713634e-09  6.75245422e-05  0.00000000e+00 
 6.76245422e-05  1.71678870e-09  6.76245422e-05  0.00000000e+00 
 6.77245422e-05 -1.64966924e-09  6.77245422e-05  0.00000000e+00 
 6.78245422e-05  1.59313295e-09  6.78245422e-05  0.00000000e+00 
 6.79245422e-05 -1.53131455e-09  6.79245422e-05  0.00000000e+00 
 6.80245422e-05  1.47841115e-09  6.80245422e-05  0.00000000e+00 
 6.81245422e-05 -1.42142633e-09  6.81245422e-05  0.00000000e+00 
 6.82245422e-05  1.37197289e-09  6.82245422e-05  0.00000000e+00 
 6.83245422e-05 -1.31940347e-09  6.83245422e-05  0.00000000e+00 
 6.84245422e-05  1.27321599e-09  6.84245422e-05  0.00000000e+00 
 6.85245422e-05 -1.22468666e-09  6.85245422e-05  0.00000000e+00 
 6.86245422e-05  1.18158279e-09  6.86245422e-05  0.00000000e+00 
 6.87245422e-05 -1.13675575e-09  6.87245422e-05  0.00000000e+00 
 6.88245422e-05  1.09655671e-09  6.88245422e-05  0.00000000e+00 
 6.89245422e-05 -1.05512702e-09  6.89245422e-05  0.00000000e+00 
 6.90245422e-05  1.01765912e-09  6.90245422e-05  0.00000000e+00 
 6.91245422e-05 -9.79350814e-10  6.91245422e-05  0.00000000e+00 
 6.92245422e-05  9.44446480e-10  6.92245422e-05  0.00000000e+00 
 6.93245422e-05 -9.09009176e-10  6.93245422e-05  0.00000000e+00 
 6.94245422e-05  8.76507659e-10  6.94245422e-05  0.00000000e+00 
 6.95245422e-05 -8.43713702e-10  6.95245422e-05  0.00000000e+00 
 6.96245422e-05  8.13461542e-10  6.96245422e-05  0.00000000e+00 
 6.97245422e-05 -7.83103499e-10  6.97245422e-05  0.00000000e+00 
 6.98245422e-05  7.54954774e-10  6.98245422e-05  0.00000000e+00 
 6.99245422e-05 -7.26843283e-10  6.99245422e-05  0.00000000e+00 
 7.00245422e-05  7.00659700e-10  7.00245422e-05  0.00000000e+00 
 7.01245422e-05 -6.74621599e-10  7.01245422e-05  0.00000000e+00 
 7.02245422e-05  6.50272465e-10  7.02245422e-05  0.00000000e+00 
 7.03245422e-05 -6.26149158e-10  7.03245422e-05  0.00000000e+00 
 7.04245422e-05  6.03511257e-10  7.04245422e-05  0.00000000e+00 
 7.05245422e-05 -5.81157280e-10  7.05245422e-05  0.00000000e+00 
 7.06245422e-05  5.60114685e-10  7.06245422e-05  0.00000000e+00 
 7.07245422e-05 -5.39396451e-10  7.07245422e-05  0.00000000e+00 
 7.08245422e-05  5.19840283e-10  7.08245422e-05  0.00000000e+00 
 7.09245422e-05 -5.00634970e-10  7.09245422e-05  0.00000000e+00 
 7.10245422e-05  4.82463127e-10  7.10245422e-05  0.00000000e+00 
 7.11245422e-05 -4.64657690e-10  7.11245422e-05  0.00000000e+00 
 7.12245422e-05  4.47774547e-10  7.12245422e-05  0.00000000e+00 
 7.13245422e-05 -4.31264849e-10  7.13245422e-05  0.00000000e+00 
 7.14245422e-05  4.15580950e-10  7.14245422e-05  0.00000000e+00 
 7.15245422e-05 -4.00270975e-10  7.15245422e-05  0.00000000e+00 
 7.16245422e-05  3.85702719e-10  7.16245422e-05  0.00000000e+00 
 7.17245422e-05 -3.71503874e-10  7.17245422e-05  0.00000000e+00 
 7.18245422e-05  3.57973197e-10  7.18245422e-05  0.00000000e+00 
 7.19245422e-05 -3.44803685e-10  7.19245422e-05  0.00000000e+00 
 7.20245422e-05  3.32237747e-10  7.20245422e-05  0.00000000e+00 
 7.21245422e-05 -3.20022001e-10  7.21245422e-05  0.00000000e+00 
 7.22245422e-05  3.08352883e-10  7.22245422e-05  0.00000000e+00 
 7.23245422e-05 -2.97021052e-10  7.23245422e-05  0.00000000e+00 
 7.24245422e-05  2.86185458e-10  7.24245422e-05  0.00000000e+00 
 7.25245422e-05 -2.75672948e-10  7.25245422e-05  0.00000000e+00 
 7.26245422e-05  2.65611918e-10  7.26245422e-05  0.00000000e+00 
 7.27245422e-05 -2.55858970e-10  7.27245422e-05  0.00000000e+00 
 7.28245422e-05  2.46517611e-10  7.28245422e-05  0.00000000e+00 
 7.29245422e-05 -2.37468918e-10  7.29245422e-05  0.00000000e+00 
 7.30245422e-05  2.28796139e-10  7.30245422e-05  0.00000000e+00 
 7.31245422e-05 -2.20400498e-10  7.31245422e-05  0.00000000e+00 
 7.32245422e-05  2.12348765e-10  7.32245422e-05  0.00000000e+00 
 7.33245422e-05 -2.04558759e-10  7.33245422e-05  0.00000000e+00 
 7.34245422e-05  1.97083860e-10  7.34245422e-05  0.00000000e+00 
 7.35245422e-05 -1.89855566e-10  7.35245422e-05  0.00000000e+00 
 7.36245422e-05  1.82916389e-10  7.36245422e-05  0.00000000e+00 
 7.37245422e-05 -1.76209112e-10  7.37245422e-05  0.00000000e+00 
 7.38245422e-05  1.69767436e-10  7.38245422e-05  0.00000000e+00 
 7.39245422e-05 -1.63543464e-10  7.39245422e-05  0.00000000e+00 
 7.40245422e-05  1.57563764e-10  7.40245422e-05  0.00000000e+00 
 7.41245422e-05 -1.51788144e-10  7.41245422e-05  0.00000000e+00 
 7.42245422e-05  1.46237404e-10  7.42245422e-05  0.00000000e+00 
 7.43245422e-05 -1.40877732e-10  7.43245422e-05  0.00000000e+00 
 7.44245422e-05  1.35725276e-10  7.44245422e-05  0.00000000e+00 
 7.45245422e-05 -1.30751511e-10  7.45245422e-05  0.00000000e+00 
 7.46245422e-05  1.25968839e-10  7.46245422e-05  0.00000000e+00 
 7.47245422e-05 -1.21353124e-10  7.47245422e-05  0.00000000e+00 
 7.48245422e-05  1.16913762e-10  7.48245422e-05  0.00000000e+00 
 7.49245422e-05 -1.12630264e-10  7.49245422e-05  0.00000000e+00 
 7.50245422e-05  1.08509620e-10  7.50245422e-05  0.00000000e+00 
 7.51245422e-05 -1.04534380e-10  7.51245422e-05  0.00000000e+00 
 7.52245422e-05  1.00709615e-10  7.52245422e-05  0.00000000e+00 
 7.53245422e-05 -9.70204115e-11  7.53245422e-05  0.00000000e+00 
 7.54245422e-05  9.34703147e-11  7.54245422e-05  0.00000000e+00 
 7.55245422e-05 -9.00465346e-11  7.55245422e-05  0.00000000e+00 
 7.56245422e-05  8.67514103e-11  7.56245422e-05  0.00000000e+00 
 7.57245422e-05 -8.35739312e-11  7.57245422e-05  0.00000000e+00 
 7.58245422e-05  8.05154905e-11  7.58245422e-05  0.00000000e+00 
 7.59245422e-05 -7.75665726e-11  7.59245422e-05  0.00000000e+00 
 7.60245422e-05  7.47278342e-11  7.60245422e-05  0.00000000e+00 
 7.61245422e-05 -7.19910194e-11  7.61245422e-05  0.00000000e+00 
 7.62245422e-05  6.93562166e-11  7.62245422e-05  0.00000000e+00 
 7.63245422e-05 -6.68162350e-11  7.63245422e-05  0.00000000e+00 
 7.64245422e-05  6.43707300e-11  7.64245422e-05  0.00000000e+00 
 7.65245422e-05 -6.20134136e-11  7.65245422e-05  0.00000000e+00 
 7.66245422e-05  5.97436169e-11  7.66245422e-05  0.00000000e+00 
 7.67245422e-05 -5.75558196e-11  7.67245422e-05  0.00000000e+00 
 7.68245422e-05  5.54491151e-11  7.68245422e-05  0.00000000e+00 
 7.69245422e-05 -5.34186387e-11  7.69245422e-05  0.00000000e+00 
 7.70245422e-05  5.14633149e-11  7.70245422e-05  0.00000000e+00 
 7.71245422e-05 -4.95788403e-11  7.71245422e-05  0.00000000e+00 
 7.72245422e-05  4.77640252e-11  7.72245422e-05  0.00000000e+00 
 7.73245422e-05 -4.60150489e-11  7.73245422e-05  0.00000000e+00 
 7.74245422e-05  4.43306504e-11  7.74245422e-05  0.00000000e+00 
 7.75245422e-05 -4.27074255e-11  7.75245422e-05  0.00000000e+00 
 7.76245422e-05  4.11440754e-11  7.76245422e-05  0.00000000e+00 
 7.77245422e-05 -3.96375567e-11  7.77245422e-05  0.00000000e+00 
 7.78245422e-05  3.81865591e-11  7.78245422e-05  0.00000000e+00 
 7.79245422e-05 -3.67883530e-11  7.79245422e-05  0.00000000e+00 
 7.80245422e-05  3.54416362e-11  7.80245422e-05  0.00000000e+00 
 7.81245422e-05 -3.41439530e-11  7.81245422e-05  0.00000000e+00 
 7.82245422e-05  3.28940245e-11  7.82245422e-05  0.00000000e+00 
 7.83245422e-05 -3.16896354e-11  7.83245422e-05  0.00000000e+00 
 7.84245422e-05  3.05295409e-11  7.84245422e-05  0.00000000e+00 
 7.85245422e-05 -2.94117370e-11  7.85245422e-05  0.00000000e+00 
 7.86245422e-05  2.83350214e-11  7.86245422e-05  0.00000000e+00 
 7.87245422e-05 -2.72975767e-11  7.87245422e-05  0.00000000e+00 
 7.88245422e-05  2.62982485e-11  7.88245422e-05  0.00000000e+00 
 7.89245422e-05 -2.53353850e-11  7.89245422e-05  0.00000000e+00 
 7.90245422e-05  2.44078830e-11  7.90245422e-05  0.00000000e+00 
 7.91245422e-05 -2.35142382e-11  7.91245422e-05  0.00000000e+00 
 7.92245422e-05  2.26534008e-11  7.92245422e-05  0.00000000e+00 
 7.93245422e-05 -2.18239980e-11  7.93245422e-05  0.00000000e+00 
 7.94245422e-05  2.10250342e-11  7.94245422e-05  0.00000000e+00 
 7.95245422e-05 -2.02552545e-11  7.95245422e-05  0.00000000e+00 
 7.96245422e-05  1.95137177e-11  7.96245422e-05  0.00000000e+00 
 7.97245422e-05 -1.87992746e-11  7.97245422e-05  0.00000000e+00 
 7.98245422e-05  1.81110375e-11  7.98245422e-05  0.00000000e+00 
 7.99245422e-05 -1.74479527e-11  7.99245422e-05  0.00000000e+00 
 8.00245422e-05  1.68091846e-11  8.00245422e-05  0.00000000e+00 
 8.01245422e-05 -1.61937658e-11  8.01245422e-05  0.00000000e+00 
 8.02245422e-05  1.56009113e-11  8.02245422e-05  0.00000000e+00 
 8.03245422e-05 -1.50297318e-11  8.03245422e-05  0.00000000e+00 
 8.04245422e-05  1.44794908e-11  8.04245422e-05  0.00000000e+00 
 8.05245422e-05 -1.39493703e-11  8.05245422e-05  0.00000000e+00 
 8.06245422e-05  1.34386801e-11  8.06245422e-05  0.00000000e+00 
 8.07245422e-05 -1.29466668e-11  8.07245422e-05  0.00000000e+00 
 8.08245422e-05  1.24726848e-11  8.08245422e-05  0.00000000e+00 
 8.09245422e-05 -1.20160393e-11  8.09245422e-05  0.00000000e+00 
 8.10245422e-05  1.15761269e-11  8.10245422e-05  0.00000000e+00 
 8.11245422e-05 -1.11523067e-11  8.11245422e-05  0.00000000e+00 
 8.12245422e-05  1.07440151e-11  8.12245422e-05  0.00000000e+00 
 8.13245422e-05 -1.03506606e-11  8.13245422e-05  0.00000000e+00 
 8.14245422e-05  9.97171705e-12  8.14245422e-05  0.00000000e+00 
 8.15245422e-05 -9.60663804e-12  8.15245422e-05  0.00000000e+00 
 8.16245422e-05  9.25493310e-12  8.16245422e-05  0.00000000e+00 
 8.17245422e-05 -8.91609705e-12  8.17245422e-05  0.00000000e+00 
 8.18245422e-05  8.58967282e-12  8.18245422e-05  0.00000000e+00 
 8.19245422e-05 -8.27519327e-12  8.19245422e-05  0.00000000e+00 
 8.20245422e-05  7.97223260e-12  8.20245422e-05  0.00000000e+00 
 8.21245422e-05 -7.68035869e-12  8.21245422e-05  0.00000000e+00 
 8.22245422e-05  7.39917505e-12  8.22245422e-05  0.00000000e+00 
 8.23245422e-05 -7.12828179e-12  8.23245422e-05  0.00000000e+00 
 8.24245422e-05  6.86730986e-12  8.24245422e-05  0.00000000e+00 
 8.25245422e-05 -6.61588907e-12  8.25245422e-05  0.00000000e+00 
 8.26245422e-05  6.37367605e-12  8.26245422e-05  0.00000000e+00 
 8.27245422e-05 -6.14032798e-12  8.27245422e-05  0.00000000e+00 
 8.28245422e-05  5.91552548e-12  8.28245422e-05  0.00000000e+00 
 8.29245422e-05 -5.69895100e-12  8.29245422e-05  0.00000000e+00 
 8.30245422e-05  5.49030755e-12  8.30245422e-05  0.00000000e+00 
 8.31245422e-05 -5.28930093e-12  8.31245422e-05  0.00000000e+00 
 8.32245422e-05  5.09565501e-12  8.32245422e-05  0.00000000e+00 
 8.33245422e-05 -4.90909718e-12  8.33245422e-05  0.00000000e+00 
 8.34245422e-05  4.72937076e-12  8.34245422e-05  0.00000000e+00 
 8.35245422e-05 -4.55622310e-12  8.35245422e-05  0.00000000e+00 
 8.36245422e-05  4.38941565e-12  8.36245422e-05  0.00000000e+00 
 8.37245422e-05 -4.22871419e-12  8.37245422e-05  0.00000000e+00 
 8.38245422e-05  4.07389708e-12  8.38245422e-05  0.00000000e+00 
 8.39245422e-05 -3.92474717e-12  8.39245422e-05  0.00000000e+00 
 8.40245422e-05  3.78105852e-12  8.40245422e-05  0.00000000e+00 
 8.41245422e-05 -3.64262980e-12  8.41245422e-05  0.00000000e+00 
 8.42245422e-05  3.50926969e-12  8.42245422e-05  0.00000000e+00 
 8.43245422e-05 -3.38079149e-12  8.43245422e-05  0.00000000e+00 
 8.44245422e-05  3.25701750e-12  8.44245422e-05  0.00000000e+00 
 8.45245422e-05 -3.13777456e-12  8.45245422e-05  0.00000000e+00 
 8.46245422e-05  3.02289763e-12  8.46245422e-05  0.00000000e+00 
 8.47245422e-05 -2.91222609e-12  8.47245422e-05  0.00000000e+00 
 8.48245422e-05  2.80560668e-12  8.48245422e-05  0.00000000e+00 
 8.49245422e-05 -2.70289041e-12  8.49245422e-05  0.00000000e+00 
 8.50245422e-05  2.60393497e-12  8.50245422e-05  0.00000000e+00 
 8.51245422e-05 -2.50860214e-12  8.51245422e-05  0.00000000e+00 
 8.52245422e-05  2.41675976e-12  8.52245422e-05  0.00000000e+00 
 8.53245422e-05 -2.32827963e-12  8.53245422e-05  0.00000000e+00 
 8.54245422e-05  2.24303902e-12  8.54245422e-05  0.00000000e+00 
 8.55245422e-05 -2.16091900e-12  8.55245422e-05  0.00000000e+00 
 8.56245422e-05  2.08180562e-12  8.56245422e-05  0.00000000e+00 
 8.57245422e-05 -2.00558853e-12  8.57245422e-05  0.00000000e+00 
 8.58245422e-05  1.93216195e-12  8.58245422e-05  0.00000000e+00 
 8.59245422e-05 -1.86142348e-12  8.59245422e-05  0.00000000e+00 
 8.60245422e-05  1.79327491e-12  8.60245422e-05  0.00000000e+00 
 8.61245422e-05 -1.72762125e-12  8.61245422e-05  0.00000000e+00 
 8.62245422e-05  1.66437131e-12  8.62245422e-05  0.00000000e+00 
 8.63245422e-05 -1.60343694e-12  8.63245422e-05  0.00000000e+00 
 8.64245422e-05  1.54473351e-12  8.64245422e-05  0.00000000e+00 
 8.65245422e-05 -1.48817922e-12  8.65245422e-05  0.00000000e+00 
 8.66245422e-05  1.43369548e-12  8.66245422e-05  0.00000000e+00 
 8.67245422e-05 -1.38120641e-12  8.67245422e-05  0.00000000e+00 
 8.68245422e-05  1.33063905e-12  8.68245422e-05  0.00000000e+00 
 8.69245422e-05 -1.28192298e-12  8.69245422e-05  0.00000000e+00 
 8.70245422e-05  1.23499049e-12  8.70245422e-05  0.00000000e+00 
 8.71245422e-05 -1.18977621e-12  8.71245422e-05  0.00000000e+00 
 8.72245422e-05  1.14621731e-12  8.72245422e-05  0.00000000e+00 
 8.73245422e-05 -1.10425311e-12  8.73245422e-05  0.00000000e+00 
 8.74245422e-05  1.06382529e-12  8.74245422e-05  0.00000000e+00 
 8.75245422e-05 -1.02487755e-12  8.75245422e-05  0.00000000e+00 
 8.76245422e-05  9.87355748e-13  8.76245422e-05  0.00000000e+00 
 8.77245422e-05 -9.51207639e-13  8.77245422e-05  0.00000000e+00 
 8.78245422e-05  9.16382965e-13  8.78245422e-05  0.00000000e+00 
 8.79245422e-05 -8.82833243e-13  8.79245422e-05  0.00000000e+00 
 8.80245422e-05  8.50511824e-13  8.80245422e-05  0.00000000e+00 
 8.81245422e-05 -8.19373713e-13  8.81245422e-05  0.00000000e+00 
 8.82245422e-05  7.89375611e-13  8.82245422e-05  0.00000000e+00 
 8.83245422e-05 -7.60475761e-13  8.83245422e-05  0.00000000e+00 
 8.84245422e-05  7.32633972e-13  8.84245422e-05  0.00000000e+00 
 8.85245422e-05 -7.05811491e-13  8.85245422e-05  0.00000000e+00 
 8.86245422e-05  6.79971016e-13  8.86245422e-05  0.00000000e+00 
 8.87245422e-05 -6.55076581e-13  8.87245422e-05  0.00000000e+00 
 8.88245422e-05  6.31093562e-13  8.88245422e-05  0.00000000e+00 
 8.89245422e-05 -6.07988581e-13  8.89245422e-05  0.00000000e+00 
 8.90245422e-05  5.85729501e-13  8.90245422e-05  0.00000000e+00 
 8.91245422e-05 -5.64285345e-13  8.91245422e-05  0.00000000e+00 
 8.92245422e-05  5.43626285e-13  8.92245422e-05  0.00000000e+00 
 8.93245422e-05 -5.23723571e-13  8.93245422e-05  0.00000000e+00 
 8.94245422e-05  5.04549518e-13  8.94245422e-05  0.00000000e+00 
 8.95245422e-05 -4.86077444e-13  8.95245422e-05  0.00000000e+00 
 8.96245422e-05  4.68281655e-13  8.96245422e-05  0.00000000e+00 
 8.97245422e-05 -4.51137385e-13  8.97245422e-05  0.00000000e+00 
 8.98245422e-05  4.34620786e-13  8.98245422e-05  0.00000000e+00 
 8.99245422e-05 -4.18708875e-13  8.99245422e-05  0.00000000e+00 
 9.00245422e-05  4.03379517e-13  9.00245422e-05  0.00000000e+00 
 9.01245422e-05 -3.88611381e-13  9.01245422e-05  0.00000000e+00 
 9.02245422e-05  3.74383923e-13  9.02245422e-05  0.00000000e+00 
 9.03245422e-05 -3.60677345e-13  9.03245422e-05  0.00000000e+00 
 9.04245422e-05  3.47472580e-13  9.04245422e-05  0.00000000e+00 
 9.05245422e-05 -3.34751254e-13  9.05245422e-05  0.00000000e+00 
 9.06245422e-05  3.22495670e-13  9.06245422e-05  0.00000000e+00 
 9.07245422e-05 -3.10688774e-13  9.07245422e-05  0.00000000e+00 
 9.08245422e-05  2.99314142e-13  9.08245422e-05  0.00000000e+00 
 9.09245422e-05 -2.88355945e-13  9.09245422e-05  0.00000000e+00 
 9.10245422e-05  2.77798940e-13  9.10245422e-05  0.00000000e+00 
 9.11245422e-05 -2.67628438e-13  9.11245422e-05  0.00000000e+00 
 9.12245422e-05  2.57830288e-13  9.12245422e-05  0.00000000e+00 
 9.13245422e-05 -2.48390858e-13  9.13245422e-05  0.00000000e+00 
 9.14245422e-05  2.39297016e-13  9.14245422e-05  0.00000000e+00 
 9.15245422e-05 -2.30536108e-13  9.15245422e-05  0.00000000e+00 
 9.16245422e-05  2.22095946e-13  9.16245422e-05  0.00000000e+00 
 9.17245422e-05 -2.13964787e-13  9.17245422e-05  0.00000000e+00 
 9.18245422e-05  2.06131318e-13  9.18245422e-05  0.00000000e+00 
 9.19245422e-05 -1.98584640e-13  9.19245422e-05  0.00000000e+00 
 9.20245422e-05  1.91314254e-13  9.20245422e-05  0.00000000e+00 
 9.21245422e-05 -1.84310044e-13  9.21245422e-05  0.00000000e+00 
 9.22245422e-05  1.77562265e-13  9.22245422e-05  0.00000000e+00 
 9.23245422e-05 -1.71061530e-13  9.23245422e-05  0.00000000e+00 
 9.24245422e-05  1.64798793e-13  9.24245422e-05  0.00000000e+00 
 9.25245422e-05 -1.58765341e-13  9.25245422e-05  0.00000000e+00 
 9.26245422e-05  1.52952780e-13  9.26245422e-05  0.00000000e+00 
 9.27245422e-05 -1.47353023e-13  9.27245422e-05  0.00000000e+00 
 9.28245422e-05  1.41958278e-13  9.28245422e-05  0.00000000e+00 
 9.29245422e-05 -1.36761041e-13  9.29245422e-05  0.00000000e+00 
 9.30245422e-05  1.31754080e-13  9.30245422e-05  0.00000000e+00 
 9.31245422e-05 -1.26930428e-13  9.31245422e-05  0.00000000e+00 
 9.32245422e-05  1.22283376e-13  9.32245422e-05  0.00000000e+00 
 9.33245422e-05 -1.17806457e-13  9.33245422e-05  0.00000000e+00 
 9.34245422e-05  1.13493442e-13  9.34245422e-05  0.00000000e+00 
 9.35245422e-05 -1.09338332e-13  9.35245422e-05  0.00000000e+00 
 9.36245422e-05  1.05335344e-13  9.36245422e-05  0.00000000e+00 
 9.37245422e-05 -1.01478910e-13  9.37245422e-05  0.00000000e+00 
 9.38245422e-05  9.77636633e-14  9.38245422e-05  0.00000000e+00 
 9.39245422e-05 -9.41844359e-14  9.39245422e-05  0.00000000e+00 
 9.40245422e-05  9.07362477e-14  9.40245422e-05  0.00000000e+00 
 9.41245422e-05 -8.74143011e-14  9.41245422e-05  0.00000000e+00 
 9.42245422e-05  8.42139744e-14  9.42245422e-05  0.00000000e+00 
 9.43245422e-05 -8.11308149e-14  9.43245422e-05  0.00000000e+00 
 9.44245422e-05  7.81605331e-14  9.44245422e-05  0.00000000e+00 
 9.45245422e-05 -7.52989963e-14  9.45245422e-05  0.00000000e+00 
 9.46245422e-05  7.25422232e-14  9.46245422e-05  0.00000000e+00 
 9.47245422e-05 -6.98863785e-14  9.47245422e-05  0.00000000e+00 
 9.48245422e-05  6.73277669e-14  9.48245422e-05  0.00000000e+00 
 9.49245422e-05 -6.48628287e-14  9.49245422e-05  0.00000000e+00 
 9.50245422e-05  6.24881344e-14  9.50245422e-05  0.00000000e+00 
 9.51245422e-05 -6.02003801e-14  9.51245422e-05  0.00000000e+00 
 9.52245422e-05  5.79963828e-14  9.52245422e-05  0.00000000e+00 
 9.53245422e-05 -5.58730761e-14  9.53245422e-05  0.00000000e+00 
 9.54245422e-05  5.38275058e-14  9.54245422e-05  0.00000000e+00 
 9.55245422e-05 -5.18568259e-14  9.55245422e-05  0.00000000e+00 
 9.56245422e-05  4.99582946e-14  9.56245422e-05  0.00000000e+00 
 9.57245422e-05 -4.81292705e-14  9.57245422e-05  0.00000000e+00 
 9.58245422e-05  4.63672089e-14  9.58245422e-05  0.00000000e+00 
 9.59245422e-05 -4.46696581e-14  9.59245422e-05  0.00000000e+00 
 9.60245422e-05  4.30342563e-14  9.60245422e-05  0.00000000e+00 
 9.61245422e-05 -4.14587283e-14  9.61245422e-05  0.00000000e+00 
 9.62245422e-05  3.99408820e-14  9.62245422e-05  0.00000000e+00 
 9.63245422e-05 -3.84786056e-14  9.63245422e-05  0.00000000e+00 
 9.64245422e-05  3.70698646e-14  9.64245422e-05  0.00000000e+00 
 9.65245422e-05 -3.57126991e-14  9.65245422e-05  0.00000000e+00 
 9.66245422e-05  3.44052207e-14  9.66245422e-05  0.00000000e+00 
 9.67245422e-05 -3.31456105e-14  9.67245422e-05  0.00000000e+00 
 9.68245422e-05  3.19321159e-14  9.68245422e-05  0.00000000e+00 
 9.69245422e-05 -3.07630486e-14  9.69245422e-05  0.00000000e+00 
 9.70245422e-05  2.96367820e-14  9.70245422e-05  0.00000000e+00 
 9.71245422e-05 -2.85517492e-14  9.71245422e-05  0.00000000e+00 
 9.72245422e-05  2.75064406e-14  9.72245422e-05  0.00000000e+00 
 9.73245422e-05 -2.64994017e-14  9.73245422e-05  0.00000000e+00 
 9.74245422e-05  2.55292316e-14  9.74245422e-05  0.00000000e+00 
 9.75245422e-05 -2.45945804e-14  9.75245422e-05  0.00000000e+00 
 9.76245422e-05  2.36941477e-14  9.76245422e-05  0.00000000e+00 
 9.77245422e-05 -2.28266808e-14  9.77245422e-05  0.00000000e+00 
 9.78245422e-05  2.19909728e-14  9.78245422e-05  0.00000000e+00 
 9.79245422e-05 -2.11858608e-14  9.79245422e-05  0.00000000e+00 
 9.80245422e-05  2.04102249e-14  9.80245422e-05  0.00000000e+00 
 9.81245422e-05 -1.96629857e-14  9.81245422e-05  0.00000000e+00 
 9.82245422e-05  1.89431038e-14  9.82245422e-05  0.00000000e+00 
 9.83245422e-05 -1.82495774e-14  9.83245422e-05  0.00000000e+00 
 9.84245422e-05  1.75814418e-14  9.84245422e-05  0.00000000e+00 
 9.85245422e-05 -1.69377673e-14  9.85245422e-05  0.00000000e+00 
 9.86245422e-05  1.63176583e-14  9.86245422e-05  0.00000000e+00 
 9.87245422e-05 -1.57202522e-14  9.87245422e-05  0.00000000e+00 
 9.88245422e-05  1.51447178e-14  9.88245422e-05  0.00000000e+00 
 9.89245422e-05 -1.45902542e-14  9.89245422e-05  0.00000000e+00 
 9.90245422e-05  1.40560901e-14  9.90245422e-05  0.00000000e+00 
 9.91245422e-05 -1.35414823e-14  9.91245422e-05  0.00000000e+00 
 9.92245422e-05  1.30457149e-14  9.92245422e-05  0.00000000e+00 
 9.93245422e-05 -1.25680979e-14  9.93245422e-05  0.00000000e+00 
 9.94245422e-05  1.21079670e-14  9.94245422e-05  0.00000000e+00 
 9.95245422e-05 -1.16646820e-14  9.95245422e-05  0.00000000e+00 
 9.96245422e-05  1.12376261e-14  9.96245422e-05  0.00000000e+00 
 9.97245422e-05 -1.08262052e-14  9.97245422e-05  0.00000000e+00 
 9.98245422e-05  1.04298468e-14  9.98245422e-05  0.00000000e+00 
 9.99245422e-05 -1.00479994e-14  9.99245422e-05  0.00000000e+00 
 1.00024542e-04  9.68013193e-15  1.00024542e-04  0.00000000e+00 
 1.00124542e-04 -9.32573243e-15  1.00124542e-04  0.00000000e+00 
 1.00224542e-04  8.98430786e-15  1.00224542e-04  0.00000000e+00 
 1.00324542e-04 -8.65538319e-15  1.00324542e-04  0.00000000e+00 
 1.00424542e-04  8.33850078e-15  1.00424542e-04  0.00000000e+00 
 1.00524542e-04 -8.03321977e-15  1.00524542e-04  0.00000000e+00 
 1.00624542e-04  7.73911540e-15  1.00624542e-04  0.00000000e+00 
 1.00724542e-04 -7.45577849e-15  1.00724542e-04  0.00000000e+00 
 1.00824542e-04  7.18281484e-15  1.00824542e-04  0.00000000e+00 
 1.00924542e-04 -6.91984467e-15  1.00924542e-04  0.00000000e+00 
 1.01024542e-04  6.66650210e-15  1.01024542e-04  0.00000000e+00 
 1.01124542e-04 -6.42243466e-15  1.01124542e-04  0.00000000e+00 
 1.01224542e-04  6.18730278e-15  1.01224542e-04  0.00000000e+00 
 1.01324542e-04 -5.96077931e-15  1.01324542e-04  0.00000000e+00 
 1.01424542e-04  5.74254910e-15  1.01424542e-04  0.00000000e+00 
 1.01524542e-04 -5.53230852e-15  1.01524542e-04  0.00000000e+00 
 1.01624542e-04  5.32976507e-15  1.01624542e-04  0.00000000e+00 
 1.01724542e-04 -5.13463693e-15  1.01724542e-04  0.00000000e+00 
 1.01824542e-04  4.94665264e-15  1.01824542e-04  0.00000000e+00 
 1.01924542e-04 -4.76555064e-15  1.01924542e-04  0.00000000e+00 
 1.02024542e-04  4.59107898e-15  1.02024542e-04  0.00000000e+00 
 1.02124542e-04 -4.42299489e-15  1.02124542e-04  0.00000000e+00 
 1.02224542e-04  4.26106454e-15  1.02224542e-04  0.00000000e+00 
 1.02324542e-04 -4.10506262e-15  1.02324542e-04  0.00000000e+00 
 1.02424542e-04  3.95477209e-15  1.02424542e-04  0.00000000e+00 
 1.02524542e-04 -3.80998385e-15  1.02524542e-04  0.00000000e+00 
 1.02624542e-04  3.67049646e-15  1.02624542e-04  0.00000000e+00 
 1.02724542e-04 -3.53611584e-15  1.02724542e-04  0.00000000e+00 
 1.02824542e-04  3.40665504e-15  1.02824542e-04  0.00000000e+00 
 1.02924542e-04 -3.28193392e-15  1.02924542e-04  0.00000000e+00 
 1.03024542e-04  3.16177897e-15  1.03024542e-04  0.00000000e+00 
 1.03124542e-04 -3.04602302e-15  1.03124542e-04  0.00000000e+00 
 1.03224542e-04  2.93450501e-15  1.03224542e-04  0.00000000e+00 
 1.03324542e-04 -2.82706979e-15  1.03324542e-04  0.00000000e+00 
 1.03424542e-04  2.72356788e-15  1.03424542e-04  0.00000000e+00 
 1.03524542e-04 -2.62385529e-15  1.03524542e-04  0.00000000e+00 
 1.03624542e-04  2.52779327e-15  1.03624542e-04  0.00000000e+00 
 1.03724542e-04 -2.43524818e-15  1.03724542e-04  0.00000000e+00 
 1.03824542e-04  2.34609126e-15  1.03824542e-04  0.00000000e+00 
 1.03924542e-04 -2.26019847e-15  1.03924542e-04  0.00000000e+00 
 1.04024542e-04  2.17745030e-15  1.04024542e-04  0.00000000e+00 
 1.04124542e-04 -2.09773162e-15  1.04124542e-04  0.00000000e+00 
 1.04224542e-04  2.02093153e-15  1.04224542e-04  0.00000000e+00 
 1.04324542e-04 -1.94694316e-15  1.04324542e-04  0.00000000e+00 
 1.04424542e-04  1.87566359e-15  1.04424542e-04  0.00000000e+00 
 1.04524542e-04 -1.80699363e-15  1.04524542e-04  0.00000000e+00 
 1.04624542e-04  1.74083775e-15  1.04624542e-04  0.00000000e+00 
 1.04724542e-04 -1.67710391e-15  1.04724542e-04  0.00000000e+00 
 1.04824542e-04  1.61570342e-15  1.04824542e-04  0.00000000e+00 
 1.04924542e-04 -1.55655087e-15  1.04924542e-04  0.00000000e+00 
 1.05024542e-04  1.49956396e-15  1.05024542e-04  0.00000000e+00 
 1.05124542e-04 -1.44466339e-15  1.05124542e-04  0.00000000e+00 
 1.05224542e-04  1.39177279e-15  1.05224542e-04  0.00000000e+00 
 1.05324542e-04 -1.34081857e-15  1.05324542e-04  0.00000000e+00 
 1.05424542e-04  1.29172984e-15  1.05424542e-04  0.00000000e+00 
 1.05524542e-04 -1.24443829e-15  1.05524542e-04  0.00000000e+00 
 1.05624542e-04  1.19887814e-15  1.05624542e-04  0.00000000e+00 
 1.05724542e-04 -1.15498599e-15  1.05724542e-04  0.00000000e+00 
 1.05824542e-04  1.11270077e-15  1.05824542e-04  0.00000000e+00 
 1.05924542e-04 -1.07196366e-15  1.05924542e-04  0.00000000e+00 
 1.06024542e-04  1.03271798e-15  1.06024542e-04  0.00000000e+00 
 1.06124542e-04 -9.94909120e-16  1.06124542e-04  0.00000000e+00 
 1.06224542e-04  9.58484483e-16  1.06224542e-04  0.00000000e+00 
 1.06324542e-04 -9.23393389e-16  1.06324542e-04  0.00000000e+00 
 1.06424542e-04  8.89587015e-16  1.06424542e-04  0.00000000e+00 
 1.06524542e-04 -8.57018327e-16  1.06524542e-04  0.00000000e+00 
 1.06624542e-04  8.25642012e-16  1.06624542e-04  0.00000000e+00 
 1.06724542e-04 -7.95414416e-16  1.06724542e-04  0.00000000e+00 
 1.06824542e-04  7.66293484e-16  1.06824542e-04  0.00000000e+00 
 1.06924542e-04 -7.38238698e-16  1.06924542e-04  0.00000000e+00 
 1.07024542e-04  7.11211026e-16  1.07024542e-04  0.00000000e+00 
 1.07124542e-04 -6.85172865e-16  1.07124542e-04  0.00000000e+00 
 1.07224542e-04  6.60087988e-16  1.07224542e-04  0.00000000e+00 
 1.07324542e-04 -6.35921494e-16  1.07324542e-04  0.00000000e+00 
 1.07424542e-04  6.12639760e-16  1.07424542e-04  0.00000000e+00 
 1.07524542e-04 -5.90210393e-16  1.07524542e-04  0.00000000e+00 
 1.07624542e-04  5.68602189e-16  1.07624542e-04  0.00000000e+00 
 1.07724542e-04 -5.47785083e-16  1.07724542e-04  0.00000000e+00 
 1.07824542e-04  5.27730113e-16  1.07824542e-04  0.00000000e+00 
 1.07924542e-04 -5.08409375e-16  1.07924542e-04  0.00000000e+00 
 1.08024542e-04  4.89795989e-16  1.08024542e-04  0.00000000e+00 
 1.08124542e-04 -4.71864059e-16  1.08124542e-04  0.00000000e+00 
 1.08224542e-04  4.54588634e-16  1.08224542e-04  0.00000000e+00 
 1.08324542e-04 -4.37945681e-16  1.08324542e-04  0.00000000e+00 
 1.08424542e-04  4.21912043e-16  1.08424542e-04  0.00000000e+00 
 1.08524542e-04 -4.06465413e-16  1.08524542e-04  0.00000000e+00 
 1.08624542e-04  3.91584300e-16  1.08624542e-04  0.00000000e+00 
 1.08724542e-04 -3.77247999e-16  1.08724542e-04  0.00000000e+00 
 1.08824542e-04  3.63436565e-16  1.08824542e-04  0.00000000e+00 
 1.08924542e-04 -3.50130782e-16  1.08924542e-04  0.00000000e+00 
 1.09024542e-04  3.37312137e-16  1.09024542e-04  0.00000000e+00 
 1.09124542e-04 -3.24962796e-16  1.09124542e-04  0.00000000e+00 
 1.09224542e-04  3.13065577e-16  1.09224542e-04  0.00000000e+00 
 1.09324542e-04 -3.01603927e-16  1.09324542e-04  0.00000000e+00 
 1.09424542e-04  2.90561899e-16  1.09424542e-04  0.00000000e+00 
 1.09524542e-04 -2.79924132e-16  1.09524542e-04  0.00000000e+00 
 1.09624542e-04  2.69675824e-16  1.09624542e-04  0.00000000e+00 
 1.09724542e-04 -2.59802717e-16  1.09724542e-04  0.00000000e+00 
 1.09824542e-04  2.50291075e-16  1.09824542e-04  0.00000000e+00 
 1.09912271e-04 -2.39872604e-16  1.09912271e-04  0.00000000e+00 
 1.10000000e-04  2.29887807e-16  1.10000000e-04  0.00000000e+00 
 1.10001368e-04  4.12909305e-05  1.10001368e-04  2.73640901e-03 
 1.10004105e-04  2.37827330e-04  1.10004105e-04  8.20922703e-03 
 1.10009577e-04  1.38032815e-03  1.10009577e-04  1.91548631e-02 
 1.10015696e-04  3.80531282e-03  1.10015696e-04  3.13910572e-02 
 1.10027932e-04  1.17198475e-02  1.10027932e-04  5.58634455e-02 
 1.10052404e-04  3.69322707e-02  1.10052404e-04  1.04808222e-01 
 1.10093592e-04  9.72902535e-02  1.10093592e-04  1.87184412e-01 
 1.10157223e-04  2.11666480e-01  1.10157223e-04  3.14445824e-01 
 1.10257223e-04  4.07569834e-01  1.10257223e-04  5.14445824e-01 
 1.10357223e-04  6.07468346e-01  1.10357223e-04  7.14445824e-01 
 1.10457223e-04  8.07465237e-01  1.10457223e-04  9.14445824e-01 
 1.10557223e-04  1.00746607e+00  1.10557223e-04  1.11444582e+00 
 1.10657223e-04  1.20746583e+00  1.10657223e-04  1.31444582e+00 
 1.10757223e-04  1.40746692e+00  1.10757223e-04  1.51444582e+00 
 1.10857223e-04  1.60746694e+00  1.10857223e-04  1.71444582e+00 
 1.10928611e-04  1.75024507e+00  1.10928611e-04  1.85722291e+00 
 1.11000000e-04  1.89302217e+00  1.11000000e-04  2.00000000e+00 
 1.11010000e-04  1.91009808e+00  1.11010000e-04  2.00000000e+00 
 1.11030000e-04  1.93883684e+00  1.11030000e-04  2.00000000e+00 
 1.11070000e-04  1.97256027e+00  1.11070000e-04  2.00000000e+00 
 1.11150000e-04  1.99627826e+00  1.11150000e-04  2.00000000e+00 
 1.11250000e-04  1.99991410e+00  1.11250000e-04  2.00000000e+00 
 1.11350000e-04  2.00000179e+00  1.11350000e-04  2.00000000e+00 
 1.11450000e-04  2.00000874e+00  1.11450000e-04  2.00000000e+00 
 1.11550000e-04  2.00000605e+00  1.11550000e-04  2.00000000e+00 
 1.11650000e-04  2.00001030e+00  1.11650000e-04  2.00000000e+00 
 1.11750000e-04  2.00000766e+00  1.11750000e-04  2.00000000e+00 
 1.11850000e-04  2.00001152e+00  1.11850000e-04  2.00000000e+00 
 1.11950000e-04  2.00000898e+00  1.11950000e-04  2.00000000e+00 
 1.12050000e-04  2.00001250e+00  1.12050000e-04  2.00000000e+00 
 1.12150000e-04  2.00001008e+00  1.12150000e-04  2.00000000e+00 
 1.12250000e-04  2.00001329e+00  1.12250000e-04  2.00000000e+00 
 1.12350000e-04  2.00001099e+00  1.12350000e-04  2.00000000e+00 
 1.12450000e-04  2.00001392e+00  1.12450000e-04  2.00000000e+00 
 1.12550000e-04  2.00001175e+00  1.12550000e-04  2.00000000e+00 
 1.12650000e-04  2.00001443e+00  1.12650000e-04  2.00000000e+00 
 1.12750000e-04  2.00001238e+00  1.12750000e-04  2.00000000e+00 
 1.12850000e-04  2.00001484e+00  1.12850000e-04  2.00000000e+00 
 1.12950000e-04  2.00001291e+00  1.12950000e-04  2.00000000e+00 
 1.13050000e-04  2.00001516e+00  1.13050000e-04  2.00000000e+00 
 1.13150000e-04  2.00001335e+00  1.13150000e-04  2.00000000e+00 
 1.13250000e-04  2.00001542e+00  1.13250000e-04  2.00000000e+00 
 1.13350000e-04  2.00001371e+00  1.13350000e-04  2.00000000e+00 
 1.13450000e-04  2.00001562e+00  1.13450000e-04  2.00000000e+00 
 1.13550000e-04  2.00001402e+00  1.13550000e-04  2.00000000e+00 
 1.13650000e-04  2.00001578e+00  1.13650000e-04  2.00000000e+00 
 1.13750000e-04  2.00001428e+00  1.13750000e-04  2.00000000e+00 
 1.13850000e-04  2.00001590e+00  1.13850000e-04  2.00000000e+00 
 1.13950000e-04  2.00001450e+00  1.13950000e-04  2.00000000e+00 
 1.14050000e-04  2.00001599e+00  1.14050000e-04  2.00000000e+00 
 1.14150000e-04  2.00001469e+00  1.14150000e-04  2.00000000e+00 
 1.14250000e-04  2.00001606e+00  1.14250000e-04  2.00000000e+00 
 1.14350000e-04  2.00001485e+00  1.14350000e-04  2.00000000e+00 
 1.14450000e-04  2.00001612e+00  1.14450000e-04  2.00000000e+00 
 1.14550000e-04  2.00001498e+00  1.14550000e-04  2.00000000e+00 
 1.14650000e-04  2.00001615e+00  1.14650000e-04  2.00000000e+00 
 1.14750000e-04  2.00001510e+00  1.14750000e-04  2.00000000e+00 
 1.14850000e-04  2.00001618e+00  1.14850000e-04  2.00000000e+00 
 1.14950000e-04  2.00001519e+00  1.14950000e-04  2.00000000e+00 
 1.15050000e-04  2.00001620e+00  1.15050000e-04  2.00000000e+00 
 1.15150000e-04  2.00001528e+00  1.15150000e-04  2.00000000e+00 
 1.15250000e-04  2.00001621e+00  1.15250000e-04  2.00000000e+00 
 1.15350000e-04  2.00001535e+00  1.15350000e-04  2.00000000e+00 
 1.15450000e-04  2.00001621e+00  1.15450000e-04  2.00000000e+00 
 1.15550000e-04  2.00001542e+00  1.15550000e-04  2.00000000e+00 
 1.15650000e-04  2.00001621e+00  1.15650000e-04  2.00000000e+00 
 1.15750000e-04  2.00001547e+00  1.15750000e-04  2.00000000e+00 
 1.15850000e-04  2.00001621e+00  1.15850000e-04  2.00000000e+00 
 1.15950000e-04  2.00001552e+00  1.15950000e-04  2.00000000e+00 
 1.16050000e-04  2.00001620e+00  1.16050000e-04  2.00000000e+00 
 1.16150000e-04  2.00001556e+00  1.16150000e-04  2.00000000e+00 
 1.16250000e-04  2.00001620e+00  1.16250000e-04  2.00000000e+00 
 1.16350000e-04  2.00001560e+00  1.16350000e-04  2.00000000e+00 
 1.16450000e-04  2.00001619e+00  1.16450000e-04  2.00000000e+00 
 1.16550000e-04  2.00001563e+00  1.16550000e-04  2.00000000e+00 
 1.16650000e-04  2.00001618e+00  1.16650000e-04  2.00000000e+00 
 1.16750000e-04  2.00001566e+00  1.16750000e-04  2.00000000e+00 
 1.16850000e-04  2.00001617e+00  1.16850000e-04  2.00000000e+00 
 1.16950000e-04  2.00001569e+00  1.16950000e-04  2.00000000e+00 
 1.17050000e-04  2.00001616e+00  1.17050000e-04  2.00000000e+00 
 1.17150000e-04  2.00001571e+00  1.17150000e-04  2.00000000e+00 
 1.17250000e-04  2.00001615e+00  1.17250000e-04  2.00000000e+00 
 1.17350000e-04  2.00001573e+00  1.17350000e-04  2.00000000e+00 
 1.17450000e-04  2.00001614e+00  1.17450000e-04  2.00000000e+00 
 1.17550000e-04  2.00001575e+00  1.17550000e-04  2.00000000e+00 
 1.17650000e-04  2.00001613e+00  1.17650000e-04  2.00000000e+00 
 1.17750000e-04  2.00001577e+00  1.17750000e-04  2.00000000e+00 
 1.17850000e-04  2.00001612e+00  1.17850000e-04  2.00000000e+00 
 1.17950000e-04  2.00001579e+00  1.17950000e-04  2.00000000e+00 
 1.18050000e-04  2.00001611e+00  1.18050000e-04  2.00000000e+00 
 1.18150000e-04  2.00001580e+00  1.18150000e-04  2.00000000e+00 
 1.18250000e-04  2.00001610e+00  1.18250000e-04  2.00000000e+00 
 1.18350000e-04  2.00001581e+00  1.18350000e-04  2.00000000e+00 
 1.18450000e-04  2.00001609e+00  1.18450000e-04  2.00000000e+00 
 1.18550000e-04  2.00001583e+00  1.18550000e-04  2.00000000e+00 
 1.18650000e-04  2.00001608e+00  1.18650000e-04  2.00000000e+00 
 1.18750000e-04  2.00001584e+00  1.18750000e-04  2.00000000e+00 
 1.18850000e-04  2.00001607e+00  1.18850000e-04  2.00000000e+00 
 1.18950000e-04  2.00001585e+00  1.18950000e-04  2.00000000e+00 
 1.19050000e-04  2.00001607e+00  1.19050000e-04  2.00000000e+00 
 1.19150000e-04  2.00001585e+00  1.19150000e-04  2.00000000e+00 
 1.19250000e-04  2.00001606e+00  1.19250000e-04  2.00000000e+00 
 1.19350000e-04  2.00001586e+00  1.19350000e-04  2.00000000e+00 
 1.19450000e-04  2.00001605e+00  1.19450000e-04  2.00000000e+00 
 1.19550000e-04  2.00001587e+00  1.19550000e-04  2.00000000e+00 
 1.19650000e-04  2.00001605e+00  1.19650000e-04  2.00000000e+00 
 1.19750000e-04  2.00001588e+00  1.19750000e-04  2.00000000e+00 
 1.19850000e-04  2.00001604e+00  1.19850000e-04  2.00000000e+00 
 1.19925000e-04  2.00001588e+00  1.19925000e-04  2.00000000e+00 
 1.20000000e-04  2.00001603e+00  1.20000000e-04  2.00000000e+00 
