 0.00000000e+00  0.00000000e+00  0.00000000e+00  0.00000000e+00 
 2.00000000e-09  0.00000000e+00  2.00000000e-09  0.00000000e+00 
 4.00000000e-09  0.00000000e+00  4.00000000e-09  0.00000000e+00 
 8.00000000e-09  0.00000000e+00  8.00000000e-09  0.00000000e+00 
 1.60000000e-08  0.00000000e+00  1.60000000e-08  0.00000000e+00 
 3.20000000e-08  0.00000000e+00  3.20000000e-08  0.00000000e+00 
 6.40000000e-08  0.00000000e+00  6.40000000e-08  0.00000000e+00 
 1.28000000e-07  0.00000000e+00  1.28000000e-07  0.00000000e+00 
 2.56000000e-07  0.00000000e+00  2.56000000e-07  0.00000000e+00 
 4.56000000e-07  0.00000000e+00  4.56000000e-07  0.00000000e+00 
 6.56000000e-07  0.00000000e+00  6.56000000e-07  0.00000000e+00 
 8.56000000e-07  0.00000000e+00  8.56000000e-07  0.00000000e+00 
 1.05600000e-06  0.00000000e+00  1.05600000e-06  0.00000000e+00 
 1.25600000e-06  0.00000000e+00  1.25600000e-06  0.00000000e+00 
 1.45600000e-06  0.00000000e+00  1.45600000e-06  0.00000000e+00 
 1.65600000e-06  0.00000000e+00  1.65600000e-06  0.00000000e+00 
 1.85600000e-06  0.00000000e+00  1.85600000e-06  0.00000000e+00 
 2.05600000e-06  0.00000000e+00  2.05600000e-06  0.00000000e+00 
 2.25600000e-06  0.00000000e+00  2.25600000e-06  0.00000000e+00 
 2.45600000e-06  0.00000000e+00  2.45600000e-06  0.00000000e+00 
 2.65600000e-06  0.00000000e+00  2.65600000e-06  0.00000000e+00 
 2.85600000e-06  0.00000000e+00  2.85600000e-06  0.00000000e+00 
 3.05600000e-06  0.00000000e+00  3.05600000e-06  0.00000000e+00 
 3.25600000e-06  0.00000000e+00  3.25600000e-06  0.00000000e+00 
 3.45600000e-06  0.00000000e+00  3.45600000e-06  0.00000000e+00 
 3.65600000e-06  0.00000000e+00  3.65600000e-06  0.00000000e+00 
 3.85600000e-06  0.00000000e+00  3.85600000e-06  0.00000000e+00 
 4.05600000e-06  0.00000000e+00  4.05600000e-06  0.00000000e+00 
 4.25600000e-06  0.00000000e+00  4.25600000e-06  0.00000000e+00 
 4.45600000e-06  0.00000000e+00  4.45600000e-06  0.00000000e+00 
 4.65600000e-06  0.00000000e+00  4.65600000e-06  0.00000000e+00 
 4.85600000e-06  0.00000000e+00  4.85600000e-06  0.00000000e+00 
 5.05600000e-06  0.00000000e+00  5.05600000e-06  0.00000000e+00 
 5.25600000e-06  0.00000000e+00  5.25600000e-06  0.00000000e+00 
 5.45600000e-06  0.00000000e+00  5.45600000e-06  0.00000000e+00 
 5.65600000e-06  0.00000000e+00  5.65600000e-06  0.00000000e+00 
 5.85600000e-06  0.00000000e+00  5.85600000e-06  0.00000000e+00 
 6.05600000e-06  0.00000000e+00  6.05600000e-06  0.00000000e+00 
 6.25600000e-06  0.00000000e+00  6.25600000e-06  0.00000000e+00 
 6.45600000e-06  0.00000000e+00  6.45600000e-06  0.00000000e+00 
 6.65600000e-06  0.00000000e+00  6.65600000e-06  0.00000000e+00 
 6.85600000e-06  0.00000000e+00  6.85600000e-06  0.00000000e+00 
 7.05600000e-06  0.00000000e+00  7.05600000e-06  0.00000000e+00 
 7.25600000e-06  0.00000000e+00  7.25600000e-06  0.00000000e+00 
 7.45600000e-06  0.00000000e+00  7.45600000e-06  0.00000000e+00 
 7.65600000e-06  0.00000000e+00  7.65600000e-06  0.00000000e+00 
 7.85600000e-06  0.00000000e+00  7.85600000e-06  0.00000000e+00 
 8.05600000e-06  0.00000000e+00  8.05600000e-06  0.00000000e+00 
 8.25600000e-06  0.00000000e+00  8.25600000e-06  0.00000000e+00 
 8.45600000e-06  0.00000000e+00  8.45600000e-06  0.00000000e+00 
 8.65600000e-06  0.00000000e+00  8.65600000e-06  0.00000000e+00 
 8.85600000e-06  0.00000000e+00  8.85600000e-06  0.00000000e+00 
 9.05600000e-06  0.00000000e+00  9.05600000e-06  0.00000000e+00 
 9.25600000e-06  0.00000000e+00  9.25600000e-06  0.00000000e+00 
 9.45600000e-06  0.00000000e+00  9.45600000e-06  0.00000000e+00 
 9.65600000e-06  0.00000000e+00  9.65600000e-06  0.00000000e+00 
 9.82800000e-06  0.00000000e+00  9.82800000e-06  0.00000000e+00 
 1.00000000e-05  0.00000000e+00  1.00000000e-05  0.00000000e+00 
 1.00026880e-05  7.68997153e-06  1.00026880e-05  5.37600000e-03 
 1.00080640e-05  5.33480116e-05  1.00080640e-05  1.61280000e-02 
 1.00170957e-05  3.72813696e-04  1.00170957e-05  3.41914497e-02 
 1.00254421e-05  1.10893509e-03  1.00254421e-05  5.08842417e-02 
 1.00401486e-05  4.02699889e-03  1.00401486e-05  8.02971987e-02 
 1.00608549e-05  1.28204449e-02  1.00608549e-05  1.21709790e-01 
 1.00984793e-05  4.62390817e-02  1.00984793e-05  1.96958655e-01 
 1.01680519e-05  1.64626019e-01  1.01680519e-05  3.36103874e-01 
 1.02615072e-05  3.90442341e-01  1.02615072e-05  5.23014395e-01 
 1.03939159e-05  7.04802552e-01  1.03939159e-05  7.87831806e-01 
 1.05639259e-05  1.02980005e+00  1.05639259e-05  1.12785175e+00 
 1.07639259e-05  1.40687062e+00  1.07639259e-05  1.52785175e+00 
 1.08819629e-05  1.65451819e+00  1.08819629e-05  1.76392588e+00 
 1.10000000e-05  1.89876663e+00  1.10000000e-05  2.00000000e+00 
 1.10200000e-05  1.93596605e+00  1.10200000e-05  2.00000000e+00 
 1.10600000e-05  2.00124054e+00  1.10600000e-05  2.00000000e+00 
 1.11400000e-05  2.06447514e+00  1.11400000e-05  2.00000000e+00 
 1.13000000e-05  2.02041983e+00  1.13000000e-05  2.00000000e+00 
 1.14817101e-05  1.96573961e+00  1.14817101e-05  2.00000000e+00 
 1.16817101e-05  2.00568325e+00  1.16817101e-05  2.00000000e+00 
 1.18817101e-05  2.01331540e+00  1.18817101e-05  2.00000000e+00 
 1.20817101e-05  1.99063281e+00  1.20817101e-05  2.00000000e+00 
 1.22817101e-05  1.99846027e+00  1.22817101e-05  2.00000000e+00 
 1.24817101e-05  2.00521809e+00  1.24817101e-05  2.00000000e+00 
 1.26817101e-05  1.99812339e+00  1.26817101e-05  2.00000000e+00 
 1.28817101e-05  1.99851061e+00  1.28817101e-05  2.00000000e+00 
 1.30817101e-05  2.00166289e+00  1.30817101e-05  2.00000000e+00 
 1.32817101e-05  1.99989315e+00  1.32817101e-05  2.00000000e+00 
 1.34817101e-05  1.99929831e+00  1.34817101e-05  2.00000000e+00 
 1.36817101e-05  2.00043318e+00  1.36817101e-05  2.00000000e+00 
 1.38817101e-05  2.00014251e+00  1.38817101e-05  2.00000000e+00 
 1.40817101e-05  1.99975395e+00  1.40817101e-05  2.00000000e+00 
 1.42817101e-05  2.00008704e+00  1.42817101e-05  2.00000000e+00 
 1.44817101e-05  2.00010276e+00  1.44817101e-05  2.00000000e+00 
 1.46817101e-05  1.99993791e+00  1.46817101e-05  2.00000000e+00 
 1.48817101e-05  2.00001368e+00  1.48817101e-05  2.00000000e+00 
 1.50817101e-05  2.00005339e+00  1.50817101e-05  2.00000000e+00 
 1.52817101e-05  1.99999775e+00  1.52817101e-05  2.00000000e+00 
 1.54817101e-05  2.00000712e+00  1.54817101e-05  2.00000000e+00 
 1.56817101e-05  2.00002871e+00  1.56817101e-05  2.00000000e+00 
 1.58817101e-05  2.00001347e+00  1.58817101e-05  2.00000000e+00 
 1.60817101e-05  2.00001101e+00  1.60817101e-05  2.00000000e+00 
 1.62817101e-05  2.00001947e+00  1.62817101e-05  2.00000000e+00 
 1.64817101e-05  2.00001640e+00  1.64817101e-05  2.00000000e+00 
 1.66817101e-05  2.00001398e+00  1.66817101e-05  2.00000000e+00 
 1.68817101e-05  2.00001667e+00  1.68817101e-05  2.00000000e+00 
 1.70817101e-05  2.00001647e+00  1.70817101e-05  2.00000000e+00 
 1.72817101e-05  2.00001532e+00  1.72817101e-05  2.00000000e+00 
 1.74817101e-05  2.00001600e+00  1.74817101e-05  2.00000000e+00 
 1.76817101e-05  2.00001621e+00  1.76817101e-05  2.00000000e+00 
 1.78817101e-05  2.00001579e+00  1.78817101e-05  2.00000000e+00 
 1.80817101e-05  2.00001591e+00  1.80817101e-05  2.00000000e+00 
 1.82817101e-05  2.00001605e+00  1.82817101e-05  2.00000000e+00 
 1.84817101e-05  2.00001593e+00  1.84817101e-05  2.00000000e+00 
 1.86817101e-05  2.00001593e+00  1.86817101e-05  2.00000000e+00 
 1.88817101e-05  2.00001599e+00  1.88817101e-05  2.00000000e+00 
 1.90817101e-05  2.00001596e+00  1.90817101e-05  2.00000000e+00 
 1.92817101e-05  2.00001595e+00  1.92817101e-05  2.00000000e+00 
 1.94817101e-05  2.00001597e+00  1.94817101e-05  2.00000000e+00 
 1.96817101e-05  2.00001596e+00  1.96817101e-05  2.00000000e+00 
 1.98817101e-05  2.00001596e+00  1.98817101e-05  2.00000000e+00 
 2.00817101e-05  2.00001596e+00  2.00817101e-05  2.00000000e+00 
 2.02817101e-05  2.00001596e+00  2.02817101e-05  2.00000000e+00 
 2.04817101e-05  2.00001596e+00  2.04817101e-05  2.00000000e+00 
 2.06817101e-05  2.00001596e+00  2.06817101e-05  2.00000000e+00 
 2.08817101e-05  2.00001596e+00  2.08817101e-05  2.00000000e+00 
 2.10817101e-05  2.00001596e+00  2.10817101e-05  2.00000000e+00 
 2.12817101e-05  2.00001596e+00  2.12817101e-05  2.00000000e+00 
 2.14817101e-05  2.00001596e+00  2.14817101e-05  2.00000000e+00 
 2.16817101e-05  2.00001596e+00  2.16817101e-05  2.00000000e+00 
 2.18817101e-05  2.00001596e+00  2.18817101e-05  2.00000000e+00 
 2.20817101e-05  2.00001596e+00  2.20817101e-05  2.00000000e+00 
 2.22817101e-05  2.00001596e+00  2.22817101e-05  2.00000000e+00 
 2.24817101e-05  2.00001596e+00  2.24817101e-05  2.00000000e+00 
 2.26817101e-05  2.00001596e+00  2.26817101e-05  2.00000000e+00 
 2.28817101e-05  2.00001596e+00  2.28817101e-05  2.00000000e+00 
 2.30817101e-05  2.00001596e+00  2.30817101e-05  2.00000000e+00 
 2.32817101e-05  2.00001596e+00  2.32817101e-05  2.00000000e+00 
 2.34817101e-05  2.00001596e+00  2.34817101e-05  2.00000000e+00 
 2.36817101e-05  2.00001596e+00  2.36817101e-05  2.00000000e+00 
 2.38817101e-05  2.00001596e+00  2.38817101e-05  2.00000000e+00 
 2.40817101e-05  2.00001596e+00  2.40817101e-05  2.00000000e+00 
 2.42817101e-05  2.00001596e+00  2.42817101e-05  2.00000000e+00 
 2.44817101e-05  2.00001596e+00  2.44817101e-05  2.00000000e+00 
 2.46817101e-05  2.00001596e+00  2.46817101e-05  2.00000000e+00 
 2.48817101e-05  2.00001596e+00  2.48817101e-05  2.00000000e+00 
 2.50817101e-05  2.00001596e+00  2.50817101e-05  2.00000000e+00 
 2.52817101e-05  2.00001596e+00  2.52817101e-05  2.00000000e+00 
 2.54817101e-05  2.00001596e+00  2.54817101e-05  2.00000000e+00 
 2.56817101e-05  2.00001596e+00  2.56817101e-05  2.00000000e+00 
 2.58817101e-05  2.00001596e+00  2.58817101e-05  2.00000000e+00 
 2.60817101e-05  2.00001596e+00  2.60817101e-05  2.00000000e+00 
 2.62817101e-05  2.00001596e+00  2.62817101e-05  2.00000000e+00 
 2.64817101e-05  2.00001596e+00  2.64817101e-05  2.00000000e+00 
 2.66817101e-05  2.00001596e+00  2.66817101e-05  2.00000000e+00 
 2.68817101e-05  2.00001596e+00  2.68817101e-05  2.00000000e+00 
 2.70817101e-05  2.00001596e+00  2.70817101e-05  2.00000000e+00 
 2.72817101e-05  2.00001596e+00  2.72817101e-05  2.00000000e+00 
 2.74817101e-05  2.00001596e+00  2.74817101e-05  2.00000000e+00 
 2.76817101e-05  2.00001596e+00  2.76817101e-05  2.00000000e+00 
 2.78817101e-05  2.00001596e+00  2.78817101e-05  2.00000000e+00 
 2.80817101e-05  2.00001596e+00  2.80817101e-05  2.00000000e+00 
 2.82817101e-05  2.00001596e+00  2.82817101e-05  2.00000000e+00 
 2.84817101e-05  2.00001596e+00  2.84817101e-05  2.00000000e+00 
 2.86817101e-05  2.00001596e+00  2.86817101e-05  2.00000000e+00 
 2.88817101e-05  2.00001596e+00  2.88817101e-05  2.00000000e+00 
 2.90817101e-05  2.00001596e+00  2.90817101e-05  2.00000000e+00 
 2.92817101e-05  2.00001596e+00  2.92817101e-05  2.00000000e+00 
 2.94817101e-05  2.00001596e+00  2.94817101e-05  2.00000000e+00 
 2.96817101e-05  2.00001596e+00  2.96817101e-05  2.00000000e+00 
 2.98817101e-05  2.00001596e+00  2.98817101e-05  2.00000000e+00 
 3.00817101e-05  2.00001596e+00  3.00817101e-05  2.00000000e+00 
 3.02817101e-05  2.00001596e+00  3.02817101e-05  2.00000000e+00 
 3.04817101e-05  2.00001596e+00  3.04817101e-05  2.00000000e+00 
 3.06817101e-05  2.00001596e+00  3.06817101e-05  2.00000000e+00 
 3.08817101e-05  2.00001596e+00  3.08817101e-05  2.00000000e+00 
 3.10817101e-05  2.00001596e+00  3.10817101e-05  2.00000000e+00 
 3.12817101e-05  2.00001596e+00  3.12817101e-05  2.00000000e+00 
 3.14817101e-05  2.00001596e+00  3.14817101e-05  2.00000000e+00 
 3.16817101e-05  2.00001596e+00  3.16817101e-05  2.00000000e+00 
 3.18817101e-05  2.00001596e+00  3.18817101e-05  2.00000000e+00 
 3.20817101e-05  2.00001596e+00  3.20817101e-05  2.00000000e+00 
 3.22817101e-05  2.00001596e+00  3.22817101e-05  2.00000000e+00 
 3.24817101e-05  2.00001596e+00  3.24817101e-05  2.00000000e+00 
 3.26817101e-05  2.00001596e+00  3.26817101e-05  2.00000000e+00 
 3.28817101e-05  2.00001596e+00  3.28817101e-05  2.00000000e+00 
 3.30817101e-05  2.00001596e+00  3.30817101e-05  2.00000000e+00 
 3.32817101e-05  2.00001596e+00  3.32817101e-05  2.00000000e+00 
 3.34817101e-05  2.00001596e+00  3.34817101e-05  2.00000000e+00 
 3.36817101e-05  2.00001596e+00  3.36817101e-05  2.00000000e+00 
 3.38817101e-05  2.00001596e+00  3.38817101e-05  2.00000000e+00 
 3.40817101e-05  2.00001596e+00  3.40817101e-05  2.00000000e+00 
 3.42817101e-05  2.00001596e+00  3.42817101e-05  2.00000000e+00 
 3.44817101e-05  2.00001596e+00  3.44817101e-05  2.00000000e+00 
 3.46817101e-05  2.00001596e+00  3.46817101e-05  2.00000000e+00 
 3.48817101e-05  2.00001596e+00  3.48817101e-05  2.00000000e+00 
 3.50817101e-05  2.00001596e+00  3.50817101e-05  2.00000000e+00 
 3.52817101e-05  2.00001596e+00  3.52817101e-05  2.00000000e+00 
 3.54817101e-05  2.00001596e+00  3.54817101e-05  2.00000000e+00 
 3.56817101e-05  2.00001596e+00  3.56817101e-05  2.00000000e+00 
 3.58817101e-05  2.00001596e+00  3.58817101e-05  2.00000000e+00 
 3.60817101e-05  2.00001596e+00  3.60817101e-05  2.00000000e+00 
 3.62817101e-05  2.00001596e+00  3.62817101e-05  2.00000000e+00 
 3.64817101e-05  2.00001596e+00  3.64817101e-05  2.00000000e+00 
 3.66817101e-05  2.00001596e+00  3.66817101e-05  2.00000000e+00 
 3.68817101e-05  2.00001596e+00  3.68817101e-05  2.00000000e+00 
 3.70817101e-05  2.00001596e+00  3.70817101e-05  2.00000000e+00 
 3.72817101e-05  2.00001596e+00  3.72817101e-05  2.00000000e+00 
 3.74817101e-05  2.00001596e+00  3.74817101e-05  2.00000000e+00 
 3.76817101e-05  2.00001596e+00  3.76817101e-05  2.00000000e+00 
 3.78817101e-05  2.00001596e+00  3.78817101e-05  2.00000000e+00 
 3.80817101e-05  2.00001596e+00  3.80817101e-05  2.00000000e+00 
 3.82817101e-05  2.00001596e+00  3.82817101e-05  2.00000000e+00 
 3.84817101e-05  2.00001596e+00  3.84817101e-05  2.00000000e+00 
 3.86817101e-05  2.00001596e+00  3.86817101e-05  2.00000000e+00 
 3.88817101e-05  2.00001596e+00  3.88817101e-05  2.00000000e+00 
 3.90817101e-05  2.00001596e+00  3.90817101e-05  2.00000000e+00 
 3.92817101e-05  2.00001596e+00  3.92817101e-05  2.00000000e+00 
 3.94817101e-05  2.00001596e+00  3.94817101e-05  2.00000000e+00 
 3.96817101e-05  2.00001596e+00  3.96817101e-05  2.00000000e+00 
 3.98817101e-05  2.00001596e+00  3.98817101e-05  2.00000000e+00 
 4.00817101e-05  2.00001596e+00  4.00817101e-05  2.00000000e+00 
 4.02817101e-05  2.00001596e+00  4.02817101e-05  2.00000000e+00 
 4.04817101e-05  2.00001596e+00  4.04817101e-05  2.00000000e+00 
 4.06817101e-05  2.00001596e+00  4.06817101e-05  2.00000000e+00 
 4.08817101e-05  2.00001596e+00  4.08817101e-05  2.00000000e+00 
 4.10817101e-05  2.00001596e+00  4.10817101e-05  2.00000000e+00 
 4.12817101e-05  2.00001596e+00  4.12817101e-05  2.00000000e+00 
 4.14817101e-05  2.00001596e+00  4.14817101e-05  2.00000000e+00 
 4.16817101e-05  2.00001596e+00  4.16817101e-05  2.00000000e+00 
 4.18817101e-05  2.00001596e+00  4.18817101e-05  2.00000000e+00 
 4.20817101e-05  2.00001596e+00  4.20817101e-05  2.00000000e+00 
 4.22817101e-05  2.00001596e+00  4.22817101e-05  2.00000000e+00 
 4.24817101e-05  2.00001596e+00  4.24817101e-05  2.00000000e+00 
 4.26817101e-05  2.00001596e+00  4.26817101e-05  2.00000000e+00 
 4.28817101e-05  2.00001596e+00  4.28817101e-05  2.00000000e+00 
 4.30817101e-05  2.00001596e+00  4.30817101e-05  2.00000000e+00 
 4.32817101e-05  2.00001596e+00  4.32817101e-05  2.00000000e+00 
 4.34817101e-05  2.00001596e+00  4.34817101e-05  2.00000000e+00 
 4.36817101e-05  2.00001596e+00  4.36817101e-05  2.00000000e+00 
 4.38817101e-05  2.00001596e+00  4.38817101e-05  2.00000000e+00 
 4.40817101e-05  2.00001596e+00  4.40817101e-05  2.00000000e+00 
 4.42817101e-05  2.00001596e+00  4.42817101e-05  2.00000000e+00 
 4.44817101e-05  2.00001596e+00  4.44817101e-05  2.00000000e+00 
 4.46817101e-05  2.00001596e+00  4.46817101e-05  2.00000000e+00 
 4.48817101e-05  2.00001596e+00  4.48817101e-05  2.00000000e+00 
 4.50817101e-05  2.00001596e+00  4.50817101e-05  2.00000000e+00 
 4.52817101e-05  2.00001596e+00  4.52817101e-05  2.00000000e+00 
 4.54817101e-05  2.00001596e+00  4.54817101e-05  2.00000000e+00 
 4.56817101e-05  2.00001596e+00  4.56817101e-05  2.00000000e+00 
 4.58817101e-05  2.00001596e+00  4.58817101e-05  2.00000000e+00 
 4.60817101e-05  2.00001596e+00  4.60817101e-05  2.00000000e+00 
 4.62817101e-05  2.00001596e+00  4.62817101e-05  2.00000000e+00 
 4.64817101e-05  2.00001596e+00  4.64817101e-05  2.00000000e+00 
 4.66817101e-05  2.00001596e+00  4.66817101e-05  2.00000000e+00 
 4.68817101e-05  2.00001596e+00  4.68817101e-05  2.00000000e+00 
 4.70817101e-05  2.00001596e+00  4.70817101e-05  2.00000000e+00 
 4.72817101e-05  2.00001596e+00  4.72817101e-05  2.00000000e+00 
 4.74817101e-05  2.00001596e+00  4.74817101e-05  2.00000000e+00 
 4.76817101e-05  2.00001596e+00  4.76817101e-05  2.00000000e+00 
 4.78817101e-05  2.00001596e+00  4.78817101e-05  2.00000000e+00 
 4.80817101e-05  2.00001596e+00  4.80817101e-05  2.00000000e+00 
 4.82817101e-05  2.00001596e+00  4.82817101e-05  2.00000000e+00 
 4.84817101e-05  2.00001596e+00  4.84817101e-05  2.00000000e+00 
 4.86817101e-05  2.00001596e+00  4.86817101e-05  2.00000000e+00 
 4.88817101e-05  2.00001596e+00  4.88817101e-05  2.00000000e+00 
 4.90817101e-05  2.00001596e+00  4.90817101e-05  2.00000000e+00 
 4.92817101e-05  2.00001596e+00  4.92817101e-05  2.00000000e+00 
 4.94817101e-05  2.00001596e+00  4.94817101e-05  2.00000000e+00 
 4.96817101e-05  2.00001596e+00  4.96817101e-05  2.00000000e+00 
 4.98817101e-05  2.00001596e+00  4.98817101e-05  2.00000000e+00 
 5.00817101e-05  2.00001596e+00  5.00817101e-05  2.00000000e+00 
 5.02817101e-05  2.00001596e+00  5.02817101e-05  2.00000000e+00 
 5.04817101e-05  2.00001596e+00  5.04817101e-05  2.00000000e+00 
 5.06817101e-05  2.00001596e+00  5.06817101e-05  2.00000000e+00 
 5.08408550e-05  2.00001596e+00  5.08408550e-05  2.00000000e+00 
 5.10000000e-05  2.00001596e+00  5.10000000e-05  2.00000000e+00 
 5.10200000e-05  1.99750418e+00  5.10200000e-05  1.96000000e+00 
 5.10600000e-05  1.98390808e+00  5.10600000e-05  1.88000000e+00 
 5.11400000e-05  1.89065170e+00  5.11400000e-05  1.72000000e+00 
 5.13000000e-05  1.52956553e+00  5.13000000e-05  1.40000000e+00 
 5.14646214e-05  1.14435627e+00  5.14646214e-05  1.07075716e+00 
 5.16646214e-05  7.80074153e-01  5.16646214e-05  6.70757159e-01 
 5.18323107e-05  4.57761333e-01  5.18323107e-05  3.35378580e-01 
 5.20000000e-05  1.01948409e-01  5.20000000e-05  0.00000000e+00 
 5.20163763e-05  6.95609361e-02  5.20163763e-05  0.00000000e+00 
 5.20491290e-05  1.08758845e-02  5.20491290e-05  0.00000000e+00 
 5.21146343e-05 -5.88675840e-02  5.21146343e-05  0.00000000e+00 
 5.21718881e-05 -6.58165366e-02  5.21718881e-05  0.00000000e+00 
 5.22223319e-05 -4.35713948e-02  5.22223319e-05  0.00000000e+00 
 5.22723129e-05 -1.41800937e-02  5.22723129e-05  0.00000000e+00 
 5.23277484e-05  1.07091376e-02  5.23277484e-05  0.00000000e+00 
 5.23797497e-05  2.04464042e-02  5.23797497e-05  0.00000000e+00 
 5.24267264e-05  1.88518715e-02  5.24267264e-05  0.00000000e+00 
 5.24823745e-05  1.02335107e-02  5.24823745e-05  0.00000000e+00 
 5.25342657e-05  1.30233986e-03  5.25342657e-05  0.00000000e+00 
 5.25844085e-05 -4.43777625e-03  5.25844085e-05  0.00000000e+00 
 5.26374199e-05 -6.32637593e-03  5.26374199e-05  0.00000000e+00 
 5.26865897e-05 -5.06833103e-03  5.26865897e-05  0.00000000e+00 
 5.27361281e-05 -2.47741864e-03  5.27361281e-05  0.00000000e+00 
 5.27896460e-05  1.58114309e-04  5.27896460e-05  0.00000000e+00 
 5.28390258e-05  1.59144176e-03  5.28390258e-05  0.00000000e+00 
 5.28952747e-05  1.88729802e-03  5.28952747e-05  0.00000000e+00 
 5.29465003e-05  1.30225268e-03  5.29465003e-05  0.00000000e+00 
 5.29975061e-05  4.60521333e-04  5.29975061e-05  0.00000000e+00 
 5.30528724e-05 -2.62376726e-04  5.30528724e-05  0.00000000e+00 
 5.31044040e-05 -5.62107525e-04  5.31044040e-05  0.00000000e+00 
 5.31529511e-05 -5.33485184e-04  5.31529511e-05  0.00000000e+00 
 5.32088374e-05 -2.95580710e-04  5.32088374e-05  0.00000000e+00 
 5.32605867e-05 -4.29801984e-05  5.32605867e-05  0.00000000e+00 
 5.33111441e-05  1.24455762e-04  5.33111441e-05  0.00000000e+00 
 5.33638350e-05  1.81835024e-04  5.33638350e-05  0.00000000e+00 
 5.34127035e-05  1.49493955e-04  5.34127035e-05  0.00000000e+00 
 5.34636521e-05  7.52460476e-05  5.34636521e-05  0.00000000e+00 
 5.35170431e-05  4.30134316e-07  5.35170431e-05  0.00000000e+00 
 5.35665480e-05 -4.11021763e-05  5.35665480e-05  0.00000000e+00 
 5.36222418e-05 -5.04808706e-05  5.36222418e-05  0.00000000e+00 
 5.36731051e-05 -3.48330450e-05  5.36731051e-05  0.00000000e+00 
 5.37237599e-05 -1.14546023e-05  5.37237599e-05  0.00000000e+00 
 5.37787994e-05  9.10274596e-06  5.37787994e-05  0.00000000e+00 
 5.38298937e-05  1.79617315e-05  5.38298937e-05  0.00000000e+00 
 5.38807671e-05  1.73648391e-05  5.38807671e-05  0.00000000e+00 
 5.39329907e-05  1.10809880e-05  5.39329907e-05  0.00000000e+00 
 5.39848239e-05  3.78141827e-06  5.39848239e-05  0.00000000e+00 
 5.40418252e-05 -1.70024056e-06  5.40418252e-05  0.00000000e+00 
 5.40957329e-05 -3.32098239e-06  5.40957329e-05  0.00000000e+00 
 5.41441327e-05 -2.40719932e-06  5.41441327e-05  0.00000000e+00 
 5.41923583e-05 -4.78832522e-07  5.41923583e-05  0.00000000e+00 
 5.42416313e-05  1.42242702e-06  5.42416313e-05  0.00000000e+00 
 5.42898414e-05  2.57089399e-06  5.42898414e-05  0.00000000e+00 
 5.43588414e-05  2.80895005e-06  5.43588414e-05  0.00000000e+00 
 5.44166375e-05  2.14843057e-06  5.44166375e-05  0.00000000e+00 
 5.44780479e-05  1.28470402e-06  5.44780479e-05  0.00000000e+00 
 5.45345282e-05  7.45481313e-07  5.45345282e-05  0.00000000e+00 
 5.45845856e-05  5.75642215e-07  5.45845856e-05  0.00000000e+00 
 5.46396855e-05  6.38709028e-07  5.46396855e-05  0.00000000e+00 
 5.47049504e-05  8.35413510e-07  5.47049504e-05  0.00000000e+00 
 5.47940677e-05  9.90773305e-07  5.47940677e-05  0.00000000e+00 
 5.48852265e-05  9.12645722e-07  5.48852265e-05  0.00000000e+00 
 5.49775197e-05  7.24150784e-07  5.49775197e-05  0.00000000e+00 
 5.50767990e-05  5.86263756e-07  5.50767990e-05  0.00000000e+00 
 5.51877161e-05  5.46360379e-07  5.51877161e-05  0.00000000e+00 
 5.53179038e-05  5.26344822e-07  5.53179038e-05  0.00000000e+00 
 5.54735879e-05  4.45944780e-07  5.54735879e-05  0.00000000e+00 
 5.56735879e-05  3.41254194e-07  5.56735879e-05  0.00000000e+00 
 5.58595316e-05  2.93686049e-07  5.58595316e-05  0.00000000e+00 
 5.60595316e-05  2.46556887e-07  5.60595316e-05  0.00000000e+00 
 5.62595316e-05  1.93882052e-07  5.62595316e-05  0.00000000e+00 
 5.64595316e-05  1.59626420e-07  5.64595316e-05  0.00000000e+00 
 5.66595316e-05  1.33802904e-07  5.66595316e-05  0.00000000e+00 
 5.68595316e-05  1.07393901e-07  5.68595316e-05  0.00000000e+00 
 5.70595316e-05  8.74069477e-08  5.70595316e-05  0.00000000e+00 
 5.72595316e-05  7.27285597e-08  5.72595316e-05  0.00000000e+00 
 5.74595316e-05  5.91111520e-08  5.74595316e-05  0.00000000e+00 
 5.76595316e-05  4.79896401e-08  5.76595316e-05  0.00000000e+00 
 5.78595316e-05  3.96385202e-08  5.78595316e-05  0.00000000e+00 
 5.80595316e-05  3.24194245e-08  5.80595316e-05  0.00000000e+00 
 5.82595316e-05  2.63545452e-08  5.82595316e-05  0.00000000e+00 
 5.84595316e-05  2.16543697e-08  5.84595316e-05  0.00000000e+00 
 5.86595316e-05  1.77514889e-08  5.86595316e-05  0.00000000e+00 
 5.88595316e-05  1.44634961e-08  5.88595316e-05  0.00000000e+00 
 5.90595316e-05  1.18480532e-08  5.90595316e-05  0.00000000e+00 
 5.92595316e-05  9.71518207e-09  5.92595316e-05  0.00000000e+00 
 5.94595316e-05  7.93131064e-09  5.94595316e-05  0.00000000e+00 
 5.96595316e-05  6.48800147e-09  5.96595316e-05  0.00000000e+00 
 5.98595316e-05  5.31723958e-09  5.98595316e-05  0.00000000e+00 
 6.00595316e-05  4.34659038e-09  6.00595316e-05  0.00000000e+00 
 6.02595316e-05  3.55406959e-09  6.02595316e-05  0.00000000e+00 
 6.04595316e-05  2.91082926e-09  6.04595316e-05  0.00000000e+00 
 6.06595316e-05  2.38115274e-09  6.06595316e-05  0.00000000e+00 
 6.08595316e-05  1.94704196e-09  6.08595316e-05  0.00000000e+00 
 6.10595316e-05  1.59383113e-09  6.10595316e-05  0.00000000e+00 
 6.12595316e-05  1.30419632e-09  6.12595316e-05  0.00000000e+00 
 6.14595316e-05  1.06661724e-09  6.14595316e-05  0.00000000e+00 
 6.16595316e-05  8.72842946e-10  6.16595316e-05  0.00000000e+00 
 6.18595316e-05  7.14279190e-10  6.18595316e-05  0.00000000e+00 
 6.20595316e-05  5.84268769e-10  6.20595316e-05  0.00000000e+00 
 6.22595316e-05  4.78045803e-10  6.22595316e-05  0.00000000e+00 
 6.24595316e-05  3.91191322e-10  6.24595316e-05  0.00000000e+00 
 6.26595316e-05  3.20030360e-10  6.26595316e-05  0.00000000e+00 
 6.28595316e-05  2.61831162e-10  6.28595316e-05  0.00000000e+00 
 6.30595316e-05  2.14248156e-10  6.30595316e-05  0.00000000e+00 
 6.32595316e-05  1.75288168e-10  6.32595316e-05  0.00000000e+00 
 6.34595316e-05  1.43409849e-10  6.34595316e-05  0.00000000e+00 
 6.36595316e-05  1.17341984e-10  6.36595316e-05  0.00000000e+00 
 6.38595316e-05  9.60074020e-11  6.38595316e-05  0.00000000e+00 
 6.40595316e-05  7.85482280e-11  6.40595316e-05  0.00000000e+00 
 6.42595316e-05  6.42682482e-11  6.42595316e-05  0.00000000e+00 
 6.44595316e-05  5.25839094e-11  6.44595316e-05  0.00000000e+00 
 6.46595316e-05  4.30220922e-11  6.46595316e-05  0.00000000e+00 
 6.48595316e-05  3.52000833e-11  6.48595316e-05  0.00000000e+00 
 6.50595316e-05  2.88005014e-11  6.50595316e-05  0.00000000e+00 
 6.52595316e-05  2.35637445e-11  6.52595316e-05  0.00000000e+00 
 6.54595316e-05  1.92793798e-11  6.54595316e-05  0.00000000e+00 
 6.56595316e-05  1.57742082e-11  6.56595316e-05  0.00000000e+00 
 6.58595316e-05  1.29061101e-11  6.58595316e-05  0.00000000e+00 
 6.60595316e-05  1.05594972e-11  6.60595316e-05  0.00000000e+00 
 6.62595316e-05  8.63964300e-12  6.62595316e-05  0.00000000e+00 
 6.64595316e-05  7.06879550e-12  6.64595316e-05  0.00000000e+00 
 6.66595316e-05  5.78353737e-12  6.66595316e-05  0.00000000e+00 
 6.68595316e-05  4.73199919e-12  6.68595316e-05  0.00000000e+00 
 6.70595316e-05  3.87164020e-12  6.70595316e-05  0.00000000e+00 
 6.72595316e-05  3.16769747e-12  6.72595316e-05  0.00000000e+00 
 6.74595316e-05  2.59175508e-12  6.74595316e-05  0.00000000e+00 
 6.76595316e-05  2.12052992e-12  6.76595316e-05  0.00000000e+00 
 6.78595316e-05  1.73497668e-12  6.78595316e-05  0.00000000e+00 
 6.80595316e-05  1.41952646e-12  6.80595316e-05  0.00000000e+00 
 6.82595316e-05  1.16143208e-12  6.82595316e-05  0.00000000e+00 
 6.84595316e-05  9.50262125e-13  6.84595316e-05  0.00000000e+00 
 6.86595316e-05  7.77486994e-13  6.86595316e-05  0.00000000e+00 
 6.88595316e-05  6.36126205e-13  6.88595316e-05  0.00000000e+00 
 6.90595316e-05  5.20466871e-13  6.90595316e-05  0.00000000e+00 
 6.92595316e-05  4.25836417e-13  6.92595316e-05  0.00000000e+00 
 6.94595316e-05  3.48411766e-13  6.94595316e-05  0.00000000e+00 
 6.96595316e-05  2.85064217e-13  6.96595316e-05  0.00000000e+00 
 6.98595316e-05  2.33234321e-13  6.98595316e-05  0.00000000e+00 
 7.00595316e-05  1.90828125e-13  7.00595316e-05  0.00000000e+00 
 7.02595316e-05  1.56132136e-13  7.02595316e-05  0.00000000e+00 
 7.04595316e-05  1.27744468e-13  7.04595316e-05  0.00000000e+00 
 7.06595316e-05  1.04518213e-13  7.06595316e-05  0.00000000e+00 
 7.08595316e-05  8.55149193e-14  7.08595316e-05  0.00000000e+00 
 7.10595316e-05  6.99667541e-14  7.10595316e-05  0.00000000e+00 
 7.12595316e-05  5.72455306e-14  7.12595316e-05  0.00000000e+00 
 7.14595316e-05  4.68372603e-14  7.14595316e-05  0.00000000e+00 
 7.16595316e-05  3.83213978e-14  7.16595316e-05  0.00000000e+00 
 7.18595316e-05  3.13538732e-14  7.18595316e-05  0.00000000e+00 
 7.20595316e-05  2.56531725e-14  7.20595316e-05  0.00000000e+00 
 7.22595316e-05  2.09889615e-14  7.22595316e-05  0.00000000e+00 
 7.24595316e-05  1.71727880e-14  7.24595316e-05  0.00000000e+00 
 7.26595316e-05  1.40504646e-14  7.26595316e-05  0.00000000e+00 
 7.28595316e-05  1.14958360e-14  7.28595316e-05  0.00000000e+00 
 7.30595316e-05  9.40568478e-15  7.30595316e-05  0.00000000e+00 
 7.32595316e-05  7.69556110e-15  7.32595316e-05  0.00000000e+00 
 7.34595316e-05  6.29636888e-15  7.34595316e-05  0.00000000e+00 
 7.36595316e-05  5.15157503e-15  7.36595316e-05  0.00000000e+00 
 7.38595316e-05  4.21492545e-15  7.38595316e-05  0.00000000e+00 
 7.40595316e-05  3.44857575e-15  7.40595316e-05  0.00000000e+00 
 7.42595316e-05  2.82156226e-15  7.42595316e-05  0.00000000e+00 
 7.44595316e-05  2.30855117e-15  7.44595316e-05  0.00000000e+00 
 7.46595316e-05  1.88881480e-15  7.46595316e-05  0.00000000e+00 
 7.48595316e-05  1.54539408e-15  7.48595316e-05  0.00000000e+00 
 7.50595316e-05  1.26441347e-15  7.50595316e-05  0.00000000e+00 
 7.52595316e-05  1.03452022e-15  7.52595316e-05  0.00000000e+00 
 7.54595316e-05  8.46425721e-16  7.54595316e-05  0.00000000e+00 
 7.56595316e-05  6.92530206e-16  7.56595316e-05  0.00000000e+00 
 7.58595316e-05  5.66615682e-16  7.58595316e-05  0.00000000e+00 
 7.60595316e-05  4.63594697e-16  7.60595316e-05  0.00000000e+00 
 7.62595316e-05  3.79304791e-16  7.62595316e-05  0.00000000e+00 
 7.64595316e-05  3.10340315e-16  7.64595316e-05  0.00000000e+00 
 7.66595316e-05  2.53914830e-16  7.66595316e-05  0.00000000e+00 
 7.68595316e-05  2.07748519e-16  7.68595316e-05  0.00000000e+00 
 7.70595316e-05  1.69976078e-16  7.70595316e-05  0.00000000e+00 
 7.72595316e-05  1.39071351e-16  7.72595316e-05  0.00000000e+00 
 7.74595316e-05  1.13785663e-16  7.74595316e-05  0.00000000e+00 
 7.76595316e-05  9.30973699e-17  7.76595316e-05  0.00000000e+00 
 7.78595316e-05  7.61705832e-17  7.78595316e-05  0.00000000e+00 
 7.80595316e-05  6.23213927e-17  7.80595316e-05  0.00000000e+00 
 7.82595316e-05  5.09902357e-17  7.82595316e-05  0.00000000e+00 
 7.84595316e-05  4.17192880e-17  7.84595316e-05  0.00000000e+00 
 7.86595316e-05  3.41339665e-17  7.86595316e-05  0.00000000e+00 
 7.88595316e-05  2.79277936e-17  7.88595316e-05  0.00000000e+00 
 7.90595316e-05  2.28500153e-17  7.90595316e-05  0.00000000e+00 
 7.92595316e-05  1.86954690e-17  7.92595316e-05  0.00000000e+00 
 7.94595316e-05  1.52962944e-17  7.94595316e-05  0.00000000e+00 
 7.96595316e-05  1.25151513e-17  7.96595316e-05  0.00000000e+00 
 7.98595316e-05  1.02396703e-17  7.98595316e-05  0.00000000e+00 
 8.00595316e-05  8.37791290e-18  8.00595316e-05  0.00000000e+00 
 8.02595316e-05  6.85465672e-18  8.02595316e-05  0.00000000e+00 
 8.04595316e-05  5.60835607e-18  8.04595316e-05  0.00000000e+00 
 8.06595316e-05  4.58865544e-18  8.06595316e-05  0.00000000e+00 
 8.08595316e-05  3.75435484e-18  8.08595316e-05  0.00000000e+00 
 8.10595316e-05  3.07174519e-18  8.10595316e-05  0.00000000e+00 
 8.12595316e-05  2.51324632e-18  8.12595316e-05  0.00000000e+00 
 8.14595316e-05  2.05629266e-18  8.14595316e-05  0.00000000e+00 
 8.16595316e-05  1.68242144e-18  8.16595316e-05  0.00000000e+00 
 8.18595316e-05  1.37652677e-18  8.18595316e-05  0.00000000e+00 
 8.20595316e-05  1.12624929e-18  8.20595316e-05  0.00000000e+00 
 8.22595316e-05  9.21476790e-19  8.22595316e-05  0.00000000e+00 
 8.24595316e-05  7.53935633e-19  8.24595316e-05  0.00000000e+00 
 8.26595316e-05  6.16856491e-19  8.26595316e-05  0.00000000e+00 
 8.28595316e-05  5.04700817e-19  8.28595316e-05  0.00000000e+00 
 8.30595316e-05  4.12937075e-19  8.30595316e-05  0.00000000e+00 
 8.32595316e-05  3.37857642e-19  8.32595316e-05  0.00000000e+00 
 8.34595316e-05  2.76429008e-19  8.34595316e-05  0.00000000e+00 
 8.36595316e-05  2.26169212e-19  8.36595316e-05  0.00000000e+00 
 8.38595316e-05  1.85047556e-19  8.38595316e-05  0.00000000e+00 
 8.40595316e-05  1.51402561e-19  8.40595316e-05  0.00000000e+00 
 8.42595316e-05  1.23874836e-19  8.42595316e-05  0.00000000e+00 
 8.44595316e-05  1.01352149e-19  8.44595316e-05  0.00000000e+00 
 8.46595316e-05  8.29244939e-20  8.46595316e-05  0.00000000e+00 
 8.48595316e-05  6.78473202e-20  8.48595316e-05  0.00000000e+00 
 8.50595316e-05  5.55114496e-20  8.50595316e-05  0.00000000e+00 
 8.52595316e-05  4.54184634e-20  8.52595316e-05  0.00000000e+00 
 8.54595316e-05  3.71605648e-20  8.54595316e-05  0.00000000e+00 
 8.56595316e-05  3.04041016e-20  8.56595316e-05  0.00000000e+00 
 8.58595316e-05  2.48760857e-20  8.58595316e-05  0.00000000e+00 
 8.60595316e-05  2.03531631e-20  8.60595316e-05  0.00000000e+00 
 8.62595316e-05  1.66525897e-20  8.62595316e-05  0.00000000e+00 
 8.64595316e-05  1.36248476e-20  8.64595316e-05  0.00000000e+00 
 8.66595316e-05  1.11476037e-20  8.66595316e-05  0.00000000e+00 
 8.68595316e-05  9.12076760e-21  8.68595316e-05  0.00000000e+00 
 8.70595316e-05  7.46244699e-21  8.70595316e-05  0.00000000e+00 
 8.72595316e-05  6.10563907e-21  8.72595316e-05  0.00000000e+00 
 8.74595316e-05  4.99552339e-21  8.74595316e-05  0.00000000e+00 
 8.76595316e-05  4.08724684e-21  8.76595316e-05  0.00000000e+00 
 8.78595316e-05  3.34411139e-21  8.78595316e-05  0.00000000e+00 
 8.80595316e-05  2.73609142e-21  8.80595316e-05  0.00000000e+00 
 8.82595316e-05  2.23862048e-21  8.82595316e-05  0.00000000e+00 
 8.84595316e-05  1.83159877e-21  8.84595316e-05  0.00000000e+00 
 8.86595316e-05  1.49858096e-21  8.86595316e-05  0.00000000e+00 
 8.88595316e-05  1.22611182e-21  8.88595316e-05  0.00000000e+00 
 8.90595316e-05  1.00318251e-21  8.90595316e-05  0.00000000e+00 
 8.92595316e-05  8.20785771e-22  8.92595316e-05  0.00000000e+00 
 8.94595316e-05  6.71552064e-22  8.94595316e-05  0.00000000e+00 
 8.96595316e-05  5.49451745e-22  8.96595316e-05  0.00000000e+00 
 8.98595316e-05  4.49551474e-22  8.98595316e-05  0.00000000e+00 
 9.00595316e-05  3.67814880e-22  9.00595316e-05  0.00000000e+00 
 9.02595316e-05  3.00939479e-22  9.02595316e-05  0.00000000e+00 
 9.04595316e-05  2.46223235e-22  9.04595316e-05  0.00000000e+00 
 9.06595316e-05  2.01455395e-22  9.06595316e-05  0.00000000e+00 
 9.08595316e-05  1.64827158e-22  9.08595316e-05  0.00000000e+00 
 9.10595316e-05  1.34858598e-22  9.10595316e-05  0.00000000e+00 
 9.12595316e-05  1.10338864e-22  9.12595316e-05  0.00000000e+00 
 9.14595316e-05  9.02772620e-23  9.14595316e-05  0.00000000e+00 
 9.16595316e-05  7.38632220e-23  9.16595316e-05  0.00000000e+00 
 9.18595316e-05  6.04335515e-23  9.18595316e-05  0.00000000e+00 
 9.20595316e-05  4.94456381e-23  9.20595316e-05  0.00000000e+00 
 9.22595316e-05  4.04555263e-23  9.22595316e-05  0.00000000e+00 
 9.24595316e-05  3.30999795e-23  9.24595316e-05  0.00000000e+00 
 9.26595316e-05  2.70818042e-23  9.26595316e-05  0.00000000e+00 
 9.28595316e-05  2.21578421e-23  9.28595316e-05  0.00000000e+00 
 9.30595316e-05  1.81291454e-23  9.30595316e-05  0.00000000e+00 
 9.32595316e-05  1.48329387e-23  9.32595316e-05  0.00000000e+00 
 9.34595316e-05  1.21360420e-23  9.34595316e-05  0.00000000e+00 
 9.36595316e-05  9.92948991e-24  9.36595316e-05  0.00000000e+00 
 9.38595316e-05  8.12412895e-24  9.38595316e-05  0.00000000e+00 
 9.40595316e-05  6.64701528e-24  9.40595316e-05  0.00000000e+00 
 9.42595316e-05  5.43846761e-24  9.42595316e-05  0.00000000e+00 
 9.44595316e-05  4.44965577e-24  9.44595316e-05  0.00000000e+00 
 9.46595316e-05  3.64062783e-24  9.46595316e-05  0.00000000e+00 
 9.48595316e-05  2.97869580e-24  9.48595316e-05  0.00000000e+00 
 9.50595316e-05  2.43711500e-24  9.50595316e-05  0.00000000e+00 
 9.52595316e-05  1.99400339e-24  9.52595316e-05  0.00000000e+00 
 9.54595316e-05  1.63145748e-24  9.54595316e-05  0.00000000e+00 
 9.56595316e-05  1.33482899e-24  9.56595316e-05  0.00000000e+00 
 9.58595316e-05  1.09213292e-24  9.58595316e-05  0.00000000e+00 
 9.60595316e-05  8.93563392e-25  9.60595316e-05  0.00000000e+00 
 9.62595316e-05  7.31097396e-25  9.62595316e-05  0.00000000e+00 
 9.64595316e-05  5.98170658e-25  9.64595316e-05  0.00000000e+00 
 9.66595316e-05  4.89412407e-25  9.66595316e-05  0.00000000e+00 
 9.68595316e-05  4.00428375e-25  9.68595316e-05  0.00000000e+00 
 9.70595316e-05  3.27623249e-25  9.70595316e-05  0.00000000e+00 
 9.72595316e-05  2.68055413e-25  9.72595316e-05  0.00000000e+00 
 9.74595316e-05  2.19318088e-25  9.74595316e-05  0.00000000e+00 
 9.76595316e-05  1.79442091e-25  9.76595316e-05  0.00000000e+00 
 9.78595316e-05  1.46816271e-25  9.78595316e-05  0.00000000e+00 
 9.80595316e-05  1.20122416e-25  9.80595316e-05  0.00000000e+00 
 9.82595316e-05  9.82819869e-26  9.82595316e-05  0.00000000e+00 
 9.84595316e-05  8.04125431e-26  9.84595316e-05  0.00000000e+00 
 9.86595316e-05  6.57920875e-26  9.86595316e-05  0.00000000e+00 
 9.88595316e-05  5.38298953e-26  9.88595316e-05  0.00000000e+00 
 9.90595316e-05  4.40426462e-26  9.90595316e-05  0.00000000e+00 
 9.92595316e-05  3.60348960e-26  9.92595316e-05  0.00000000e+00 
 9.94595316e-05  2.94830998e-26  9.94595316e-05  0.00000000e+00 
 9.96595316e-05  2.41225387e-26  9.96595316e-05  0.00000000e+00 
 9.98595316e-05  1.97366246e-26  9.98595316e-05  0.00000000e+00 
 1.00059532e-04  1.61481491e-26  1.00059532e-04  0.00000000e+00 
 1.00259532e-04  1.32121233e-26  1.00259532e-04  0.00000000e+00 
 1.00459532e-04  1.08099202e-26  1.00459532e-04  0.00000000e+00 
 1.00659532e-04  8.84448107e-27  1.00659532e-04  0.00000000e+00 
 1.00859532e-04  7.23639435e-27  1.00859532e-04  0.00000000e+00 
 1.01059532e-04  5.92068690e-27  1.01059532e-04  0.00000000e+00 
 1.01259532e-04  4.84419887e-27  1.01259532e-04  0.00000000e+00 
 1.01459532e-04  3.96343585e-27  1.01459532e-04  0.00000000e+00 
 1.01659532e-04  3.24281148e-27  1.01659532e-04  0.00000000e+00 
 1.01859532e-04  2.65320967e-27  1.01859532e-04  0.00000000e+00 
 1.02059532e-04  2.17080814e-27  1.02059532e-04  0.00000000e+00 
 1.02259532e-04  1.77611593e-27  1.02259532e-04  0.00000000e+00 
 1.02459532e-04  1.45318591e-27  1.02459532e-04  0.00000000e+00 
 1.02659532e-04  1.18897041e-27  1.02659532e-04  0.00000000e+00 
 1.02859532e-04  9.72794075e-28  1.02859532e-04  0.00000000e+00 
 1.03059532e-04  7.95922507e-28  1.03059532e-04  0.00000000e+00 
 1.03259532e-04  6.51209391e-28  1.03259532e-04  0.00000000e+00 
 1.03459532e-04  5.32807739e-28  1.03459532e-04  0.00000000e+00 
 1.03659532e-04  4.35933649e-28  1.03659532e-04  0.00000000e+00 
 1.03859532e-04  3.56673023e-28  1.03859532e-04  0.00000000e+00 
 1.04059532e-04  2.91823412e-28  1.04059532e-04  0.00000000e+00 
 1.04259532e-04  2.38764635e-28  1.04259532e-04  0.00000000e+00 
 1.04459532e-04  1.95352903e-28  1.04459532e-04  0.00000000e+00 
 1.04659532e-04  1.59834210e-28  1.04659532e-04  0.00000000e+00 
 1.04859532e-04  1.30773458e-28  1.04859532e-04  0.00000000e+00 
 1.05059532e-04  1.06996477e-28  1.05059532e-04  0.00000000e+00 
 1.05259532e-04  8.75425808e-29  1.05259532e-04  0.00000000e+00 
 1.05459532e-04  7.16257554e-29  1.05459532e-04  0.00000000e+00 
 1.05659532e-04  5.86028968e-29  1.05659532e-04  0.00000000e+00 
 1.05859532e-04  4.79478296e-29  1.05859532e-04  0.00000000e+00 
 1.06059532e-04  3.92300464e-29  1.06059532e-04  0.00000000e+00 
 1.06259532e-04  3.20973140e-29  1.06259532e-04  0.00000000e+00 
 1.06459532e-04  2.62614415e-29  1.06459532e-04  0.00000000e+00 
 1.06659532e-04  2.14866361e-29  1.06659532e-04  0.00000000e+00 
 1.06859532e-04  1.75799768e-29  1.06859532e-04  0.00000000e+00 
 1.07059532e-04  1.43836189e-29  1.07059532e-04  0.00000000e+00 
 1.07259532e-04  1.17684167e-29  1.07259532e-04  0.00000000e+00 
 1.07459532e-04  9.62870555e-30  1.07459532e-04  0.00000000e+00 
 1.07659532e-04  7.87803262e-30  1.07659532e-04  0.00000000e+00 
 1.07859532e-04  6.44566372e-30  1.07859532e-04  0.00000000e+00 
 1.08059532e-04  5.27372541e-30  1.08059532e-04  0.00000000e+00 
 1.08259532e-04  4.31486669e-30  1.08259532e-04  0.00000000e+00 
 1.08459532e-04  3.53034584e-30  1.08459532e-04  0.00000000e+00 
 1.08659532e-04  2.88846507e-30  1.08659532e-04  0.00000000e+00 
 1.08859532e-04  2.36328985e-30  1.08859532e-04  0.00000000e+00 
 1.09059532e-04  1.93360098e-30  1.09059532e-04  0.00000000e+00 
 1.09259532e-04  1.58203733e-30  1.09259532e-04  0.00000000e+00 
 1.09459532e-04  1.29439431e-30  1.09459532e-04  0.00000000e+00 
 1.09659532e-04  1.05905000e-30  1.09659532e-04  0.00000000e+00 
 1.09829766e-04  8.92905304e-31  1.09829766e-04  0.00000000e+00 
 1.10000000e-04  7.52825531e-31  1.10000000e-04  0.00000000e+00 
 1.10002663e-04  7.48190149e-06  1.10002663e-04  5.32655787e-03 
 1.10007990e-04  5.19091247e-05  1.10007990e-04  1.59796736e-02 
 1.10016937e-04  3.62784385e-04  1.10016937e-04  3.38747721e-02 
 1.10025206e-04  1.07924978e-03  1.10025206e-04  5.04113200e-02 
 1.10039769e-04  3.91941962e-03  1.10039769e-04  7.95376778e-02 
 1.10060260e-04  1.24778750e-02  1.10060260e-04  1.20520881e-01 
 1.10097425e-04  4.49806850e-02  1.10097425e-04  1.94849395e-01 
 1.10165726e-04  1.59750479e-01  1.10165726e-04  3.31452592e-01 
 1.10258967e-04  3.83971791e-01  1.10258967e-04  5.17934934e-01 
 1.10389576e-04  6.95477905e-01  1.10389576e-04  7.79152815e-01 
 1.10558631e-04  1.02023798e+00  1.10558631e-04  1.11726246e+00 
 1.10758631e-04  1.39622505e+00  1.10758631e-04  1.51726246e+00 
 1.10879316e-04  1.64894873e+00  1.10879316e-04  1.75863123e+00 
 1.11000000e-04  1.89879049e+00  1.11000000e-04  2.00000000e+00 
 1.11020000e-04  1.93599492e+00  1.11020000e-04  2.00000000e+00 
 1.11060000e-04  2.00127348e+00  1.11060000e-04  2.00000000e+00 
 1.11140000e-04  2.06449377e+00  1.11140000e-04  2.00000000e+00 
 1.11300000e-04  2.02040749e+00  1.11300000e-04  2.00000000e+00 
 1.11481700e-04  1.96573530e+00  1.11481700e-04  2.00000000e+00 
 1.11681700e-04  2.00568955e+00  1.11681700e-04  2.00000000e+00 
 1.11881700e-04  2.01331426e+00  1.11881700e-04  2.00000000e+00 
 1.12081700e-04  1.99063041e+00  1.12081700e-04  2.00000000e+00 
 1.12281700e-04  1.99846201e+00  1.12281700e-04  2.00000000e+00 
 1.12481700e-04  2.00521835e+00  1.12481700e-04  2.00000000e+00 
 1.12681700e-04  1.99812244e+00  1.12681700e-04  2.00000000e+00 
 1.12881700e-04  1.99851097e+00  1.12881700e-04  2.00000000e+00 
 1.13081700e-04  2.00166316e+00  1.13081700e-04  2.00000000e+00 
 1.13281700e-04  1.99989285e+00  1.13281700e-04  2.00000000e+00 
 1.13481700e-04  1.99929834e+00  1.13481700e-04  2.00000000e+00 
 1.13681700e-04  2.00043331e+00  1.13681700e-04  2.00000000e+00 
 1.13881700e-04  2.00014243e+00  1.13881700e-04  2.00000000e+00 
 1.14081700e-04  1.99975393e+00  1.14081700e-04  2.00000000e+00 
 1.14281700e-04  2.00008709e+00  1.14281700e-04  2.00000000e+00 
 1.14481700e-04  2.00010274e+00  1.14481700e-04  2.00000000e+00 
 1.14681700e-04  1.99993789e+00  1.14681700e-04  2.00000000e+00 
 1.14881700e-04  2.00001369e+00  1.14881700e-04  2.00000000e+00 
 1.15081700e-04  2.00005339e+00  1.15081700e-04  2.00000000e+00 
 1.15281700e-04  1.99999774e+00  1.15281700e-04  2.00000000e+00 
 1.15481700e-04  2.00000713e+00  1.15481700e-04  2.00000000e+00 
 1.15681700e-04  2.00002871e+00  1.15681700e-04  2.00000000e+00 
 1.15881700e-04  2.00001347e+00  1.15881700e-04  2.00000000e+00 
 1.16081700e-04  2.00001101e+00  1.16081700e-04  2.00000000e+00 
 1.16281700e-04  2.00001947e+00  1.16281700e-04  2.00000000e+00 
 1.16481700e-04  2.00001640e+00  1.16481700e-04  2.00000000e+00 
 1.16681700e-04  2.00001398e+00  1.16681700e-04  2.00000000e+00 
 1.16881700e-04  2.00001667e+00  1.16881700e-04  2.00000000e+00 
 1.17081700e-04  2.00001647e+00  1.17081700e-04  2.00000000e+00 
 1.17281700e-04  2.00001531e+00  1.17281700e-04  2.00000000e+00 
 1.17481700e-04  2.00001600e+00  1.17481700e-04  2.00000000e+00 
 1.17681700e-04  2.00001621e+00  1.17681700e-04  2.00000000e+00 
 1.17881700e-04  2.00001579e+00  1.17881700e-04  2.00000000e+00 
 1.18081700e-04  2.00001591e+00  1.18081700e-04  2.00000000e+00 
 1.18281700e-04  2.00001605e+00  1.18281700e-04  2.00000000e+00 
 1.18481700e-04  2.00001593e+00  1.18481700e-04  2.00000000e+00 
 1.18681700e-04  2.00001593e+00  1.18681700e-04  2.00000000e+00 
 1.18881700e-04  2.00001599e+00  1.18881700e-04  2.00000000e+00 
 1.19081700e-04  2.00001596e+00  1.19081700e-04  2.00000000e+00 
 1.19281700e-04  2.00001595e+00  1.19281700e-04  2.00000000e+00 
 1.19481700e-04  2.00001597e+00  1.19481700e-04  2.00000000e+00 
 1.19681700e-04  2.00001596e+00  1.19681700e-04  2.00000000e+00 
 1.19881700e-04  2.00001596e+00  1.19881700e-04  2.00000000e+00 
 1.20081700e-04  2.00001596e+00  1.20081700e-04  2.00000000e+00 
 1.20281700e-04  2.00001596e+00  1.20281700e-04  2.00000000e+00 
 1.20481700e-04  2.00001596e+00  1.20481700e-04  2.00000000e+00 
 1.20681700e-04  2.00001596e+00  1.20681700e-04  2.00000000e+00 
 1.20881700e-04  2.00001596e+00  1.20881700e-04  2.00000000e+00 
 1.21081700e-04  2.00001596e+00  1.21081700e-04  2.00000000e+00 
 1.21281700e-04  2.00001596e+00  1.21281700e-04  2.00000000e+00 
 1.21481700e-04  2.00001596e+00  1.21481700e-04  2.00000000e+00 
 1.21681700e-04  2.00001596e+00  1.21681700e-04  2.00000000e+00 
 1.21881700e-04  2.00001596e+00  1.21881700e-04  2.00000000e+00 
 1.22081700e-04  2.00001596e+00  1.22081700e-04  2.00000000e+00 
 1.22281700e-04  2.00001596e+00  1.22281700e-04  2.00000000e+00 
 1.22481700e-04  2.00001596e+00  1.22481700e-04  2.00000000e+00 
 1.22681700e-04  2.00001596e+00  1.22681700e-04  2.00000000e+00 
 1.22881700e-04  2.00001596e+00  1.22881700e-04  2.00000000e+00 
 1.23081700e-04  2.00001596e+00  1.23081700e-04  2.00000000e+00 
 1.23281700e-04  2.00001596e+00  1.23281700e-04  2.00000000e+00 
 1.23481700e-04  2.00001596e+00  1.23481700e-04  2.00000000e+00 
 1.23681700e-04  2.00001596e+00  1.23681700e-04  2.00000000e+00 
 1.23881700e-04  2.00001596e+00  1.23881700e-04  2.00000000e+00 
 1.24081700e-04  2.00001596e+00  1.24081700e-04  2.00000000e+00 
 1.24281700e-04  2.00001596e+00  1.24281700e-04  2.00000000e+00 
 1.24481700e-04  2.00001596e+00  1.24481700e-04  2.00000000e+00 
 1.24681700e-04  2.00001596e+00  1.24681700e-04  2.00000000e+00 
 1.24881700e-04  2.00001596e+00  1.24881700e-04  2.00000000e+00 
 1.25081700e-04  2.00001596e+00  1.25081700e-04  2.00000000e+00 
 1.25281700e-04  2.00001596e+00  1.25281700e-04  2.00000000e+00 
 1.25481700e-04  2.00001596e+00  1.25481700e-04  2.00000000e+00 
 1.25681700e-04  2.00001596e+00  1.25681700e-04  2.00000000e+00 
 1.25881700e-04  2.00001596e+00  1.25881700e-04  2.00000000e+00 
 1.26081700e-04  2.00001596e+00  1.26081700e-04  2.00000000e+00 
 1.26281700e-04  2.00001596e+00  1.26281700e-04  2.00000000e+00 
 1.26481700e-04  2.00001596e+00  1.26481700e-04  2.00000000e+00 
 1.26681700e-04  2.00001596e+00  1.26681700e-04  2.00000000e+00 
 1.26881700e-04  2.00001596e+00  1.26881700e-04  2.00000000e+00 
 1.27081700e-04  2.00001596e+00  1.27081700e-04  2.00000000e+00 
 1.27281700e-04  2.00001596e+00  1.27281700e-04  2.00000000e+00 
 1.27481700e-04  2.00001596e+00  1.27481700e-04  2.00000000e+00 
 1.27681700e-04  2.00001596e+00  1.27681700e-04  2.00000000e+00 
 1.27881700e-04  2.00001596e+00  1.27881700e-04  2.00000000e+00 
 1.28081700e-04  2.00001596e+00  1.28081700e-04  2.00000000e+00 
 1.28281700e-04  2.00001596e+00  1.28281700e-04  2.00000000e+00 
 1.28481700e-04  2.00001596e+00  1.28481700e-04  2.00000000e+00 
 1.28681700e-04  2.00001596e+00  1.28681700e-04  2.00000000e+00 
 1.28881700e-04  2.00001596e+00  1.28881700e-04  2.00000000e+00 
 1.29081700e-04  2.00001596e+00  1.29081700e-04  2.00000000e+00 
 1.29281700e-04  2.00001596e+00  1.29281700e-04  2.00000000e+00 
 1.29481700e-04  2.00001596e+00  1.29481700e-04  2.00000000e+00 
 1.29681700e-04  2.00001596e+00  1.29681700e-04  2.00000000e+00 
 1.29881700e-04  2.00001596e+00  1.29881700e-04  2.00000000e+00 
 1.30081700e-04  2.00001596e+00  1.30081700e-04  2.00000000e+00 
 1.30281700e-04  2.00001596e+00  1.30281700e-04  2.00000000e+00 
 1.30481700e-04  2.00001596e+00  1.30481700e-04  2.00000000e+00 
 1.30681700e-04  2.00001596e+00  1.30681700e-04  2.00000000e+00 
 1.30881700e-04  2.00001596e+00  1.30881700e-04  2.00000000e+00 
 1.31081700e-04  2.00001596e+00  1.31081700e-04  2.00000000e+00 
 1.31281700e-04  2.00001596e+00  1.31281700e-04  2.00000000e+00 
 1.31481700e-04  2.00001596e+00  1.31481700e-04  2.00000000e+00 
 1.31681700e-04  2.00001596e+00  1.31681700e-04  2.00000000e+00 
 1.31881700e-04  2.00001596e+00  1.31881700e-04  2.00000000e+00 
 1.32081700e-04  2.00001596e+00  1.32081700e-04  2.00000000e+00 
 1.32281700e-04  2.00001596e+00  1.32281700e-04  2.00000000e+00 
 1.32481700e-04  2.00001596e+00  1.32481700e-04  2.00000000e+00 
 1.32681700e-04  2.00001596e+00  1.32681700e-04  2.00000000e+00 
 1.32881700e-04  2.00001596e+00  1.32881700e-04  2.00000000e+00 
 1.33081700e-04  2.00001596e+00  1.33081700e-04  2.00000000e+00 
 1.33281700e-04  2.00001596e+00  1.33281700e-04  2.00000000e+00 
 1.33481700e-04  2.00001596e+00  1.33481700e-04  2.00000000e+00 
 1.33681700e-04  2.00001596e+00  1.33681700e-04  2.00000000e+00 
 1.33881700e-04  2.00001596e+00  1.33881700e-04  2.00000000e+00 
 1.34081700e-04  2.00001596e+00  1.34081700e-04  2.00000000e+00 
 1.34281700e-04  2.00001596e+00  1.34281700e-04  2.00000000e+00 
 1.34481700e-04  2.00001596e+00  1.34481700e-04  2.00000000e+00 
 1.34681700e-04  2.00001596e+00  1.34681700e-04  2.00000000e+00 
 1.34881700e-04  2.00001596e+00  1.34881700e-04  2.00000000e+00 
 1.35081700e-04  2.00001596e+00  1.35081700e-04  2.00000000e+00 
 1.35281700e-04  2.00001596e+00  1.35281700e-04  2.00000000e+00 
 1.35481700e-04  2.00001596e+00  1.35481700e-04  2.00000000e+00 
 1.35681700e-04  2.00001596e+00  1.35681700e-04  2.00000000e+00 
 1.35881700e-04  2.00001596e+00  1.35881700e-04  2.00000000e+00 
 1.36081700e-04  2.00001596e+00  1.36081700e-04  2.00000000e+00 
 1.36281700e-04  2.00001596e+00  1.36281700e-04  2.00000000e+00 
 1.36481700e-04  2.00001596e+00  1.36481700e-04  2.00000000e+00 
 1.36681700e-04  2.00001596e+00  1.36681700e-04  2.00000000e+00 
 1.36881700e-04  2.00001596e+00  1.36881700e-04  2.00000000e+00 
 1.37081700e-04  2.00001596e+00  1.37081700e-04  2.00000000e+00 
 1.37281700e-04  2.00001596e+00  1.37281700e-04  2.00000000e+00 
 1.37481700e-04  2.00001596e+00  1.37481700e-04  2.00000000e+00 
 1.37681700e-04  2.00001596e+00  1.37681700e-04  2.00000000e+00 
 1.37881700e-04  2.00001596e+00  1.37881700e-04  2.00000000e+00 
 1.38081700e-04  2.00001596e+00  1.38081700e-04  2.00000000e+00 
 1.38281700e-04  2.00001596e+00  1.38281700e-04  2.00000000e+00 
 1.38481700e-04  2.00001596e+00  1.38481700e-04  2.00000000e+00 
 1.38681700e-04  2.00001596e+00  1.38681700e-04  2.00000000e+00 
 1.38881700e-04  2.00001596e+00  1.38881700e-04  2.00000000e+00 
 1.39081700e-04  2.00001596e+00  1.39081700e-04  2.00000000e+00 
 1.39281700e-04  2.00001596e+00  1.39281700e-04  2.00000000e+00 
 1.39481700e-04  2.00001596e+00  1.39481700e-04  2.00000000e+00 
 1.39681700e-04  2.00001596e+00  1.39681700e-04  2.00000000e+00 
 1.39881700e-04  2.00001596e+00  1.39881700e-04  2.00000000e+00 
 1.40081700e-04  2.00001596e+00  1.40081700e-04  2.00000000e+00 
 1.40281700e-04  2.00001596e+00  1.40281700e-04  2.00000000e+00 
 1.40481700e-04  2.00001596e+00  1.40481700e-04  2.00000000e+00 
 1.40681700e-04  2.00001596e+00  1.40681700e-04  2.00000000e+00 
 1.40881700e-04  2.00001596e+00  1.40881700e-04  2.00000000e+00 
 1.41081700e-04  2.00001596e+00  1.41081700e-04  2.00000000e+00 
 1.41281700e-04  2.00001596e+00  1.41281700e-04  2.00000000e+00 
 1.41481700e-04  2.00001596e+00  1.41481700e-04  2.00000000e+00 
 1.41681700e-04  2.00001596e+00  1.41681700e-04  2.00000000e+00 
 1.41881700e-04  2.00001596e+00  1.41881700e-04  2.00000000e+00 
 1.42081700e-04  2.00001596e+00  1.42081700e-04  2.00000000e+00 
 1.42281700e-04  2.00001596e+00  1.42281700e-04  2.00000000e+00 
 1.42481700e-04  2.00001596e+00  1.42481700e-04  2.00000000e+00 
 1.42681700e-04  2.00001596e+00  1.42681700e-04  2.00000000e+00 
 1.42881700e-04  2.00001596e+00  1.42881700e-04  2.00000000e+00 
 1.43081700e-04  2.00001596e+00  1.43081700e-04  2.00000000e+00 
 1.43281700e-04  2.00001596e+00  1.43281700e-04  2.00000000e+00 
 1.43481700e-04  2.00001596e+00  1.43481700e-04  2.00000000e+00 
 1.43681700e-04  2.00001596e+00  1.43681700e-04  2.00000000e+00 
 1.43881700e-04  2.00001596e+00  1.43881700e-04  2.00000000e+00 
 1.44081700e-04  2.00001596e+00  1.44081700e-04  2.00000000e+00 
 1.44281700e-04  2.00001596e+00  1.44281700e-04  2.00000000e+00 
 1.44481700e-04  2.00001596e+00  1.44481700e-04  2.00000000e+00 
 1.44681700e-04  2.00001596e+00  1.44681700e-04  2.00000000e+00 
 1.44881700e-04  2.00001596e+00  1.44881700e-04  2.00000000e+00 
 1.45081700e-04  2.00001596e+00  1.45081700e-04  2.00000000e+00 
 1.45281700e-04  2.00001596e+00  1.45281700e-04  2.00000000e+00 
 1.45481700e-04  2.00001596e+00  1.45481700e-04  2.00000000e+00 
 1.45681700e-04  2.00001596e+00  1.45681700e-04  2.00000000e+00 
 1.45881700e-04  2.00001596e+00  1.45881700e-04  2.00000000e+00 
 1.46081700e-04  2.00001596e+00  1.46081700e-04  2.00000000e+00 
 1.46281700e-04  2.00001596e+00  1.46281700e-04  2.00000000e+00 
 1.46481700e-04  2.00001596e+00  1.46481700e-04  2.00000000e+00 
 1.46681700e-04  2.00001596e+00  1.46681700e-04  2.00000000e+00 
 1.46881700e-04  2.00001596e+00  1.46881700e-04  2.00000000e+00 
 1.47081700e-04  2.00001596e+00  1.47081700e-04  2.00000000e+00 
 1.47281700e-04  2.00001596e+00  1.47281700e-04  2.00000000e+00 
 1.47481700e-04  2.00001596e+00  1.47481700e-04  2.00000000e+00 
 1.47681700e-04  2.00001596e+00  1.47681700e-04  2.00000000e+00 
 1.47881700e-04  2.00001596e+00  1.47881700e-04  2.00000000e+00 
 1.48081700e-04  2.00001596e+00  1.48081700e-04  2.00000000e+00 
 1.48281700e-04  2.00001596e+00  1.48281700e-04  2.00000000e+00 
 1.48481700e-04  2.00001596e+00  1.48481700e-04  2.00000000e+00 
 1.48681700e-04  2.00001596e+00  1.48681700e-04  2.00000000e+00 
 1.48881700e-04  2.00001596e+00  1.48881700e-04  2.00000000e+00 
 1.49081700e-04  2.00001596e+00  1.49081700e-04  2.00000000e+00 
 1.49281700e-04  2.00001596e+00  1.49281700e-04  2.00000000e+00 
 1.49481700e-04  2.00001596e+00  1.49481700e-04  2.00000000e+00 
 1.49681700e-04  2.00001596e+00  1.49681700e-04  2.00000000e+00 
 1.49881700e-04  2.00001596e+00  1.49881700e-04  2.00000000e+00 
 1.50081700e-04  2.00001596e+00  1.50081700e-04  2.00000000e+00 
 1.50281700e-04  2.00001596e+00  1.50281700e-04  2.00000000e+00 
 1.50481700e-04  2.00001596e+00  1.50481700e-04  2.00000000e+00 
 1.50681700e-04  2.00001596e+00  1.50681700e-04  2.00000000e+00 
 1.50840850e-04  2.00001596e+00  1.50840850e-04  2.00000000e+00 
 1.51000000e-04  2.00001596e+00  1.51000000e-04  2.00000000e+00 
 1.51020000e-04  1.99750418e+00  1.51020000e-04  1.96000000e+00 
 1.51060000e-04  1.98390808e+00  1.51060000e-04  1.88000000e+00 
 1.51140000e-04  1.89065170e+00  1.51140000e-04  1.72000000e+00 
 1.51300000e-04  1.52956553e+00  1.51300000e-04  1.40000000e+00 
 1.51464621e-04  1.14435627e+00  1.51464621e-04  1.07075716e+00 
 1.51664621e-04  7.80074153e-01  1.51664621e-04  6.70757159e-01 
 1.51832311e-04  4.57761333e-01  1.51832311e-04  3.35378580e-01 
 1.52000000e-04  1.01948409e-01  1.52000000e-04  0.00000000e+00 
 1.52016376e-04  6.95609361e-02  1.52016376e-04  0.00000000e+00 
 1.52049129e-04  1.08758845e-02  1.52049129e-04  0.00000000e+00 
 1.52114634e-04 -5.88675840e-02  1.52114634e-04  0.00000000e+00 
 1.52171888e-04 -6.58165366e-02  1.52171888e-04  0.00000000e+00 
 1.52222332e-04 -4.35713948e-02  1.52222332e-04  0.00000000e+00 
 1.52272313e-04 -1.41800937e-02  1.52272313e-04  0.00000000e+00 
 1.52327748e-04  1.07091376e-02  1.52327748e-04  0.00000000e+00 
 1.52379750e-04  2.04464042e-02  1.52379750e-04  0.00000000e+00 
 1.52426726e-04  1.88518715e-02  1.52426726e-04  0.00000000e+00 
 1.52482375e-04  1.02335107e-02  1.52482375e-04  0.00000000e+00 
 1.52534266e-04  1.30233986e-03  1.52534266e-04  0.00000000e+00 
 1.52584409e-04 -4.43777625e-03  1.52584409e-04  0.00000000e+00 
 1.52637420e-04 -6.32637593e-03  1.52637420e-04  0.00000000e+00 
 1.52686590e-04 -5.06833103e-03  1.52686590e-04  0.00000000e+00 
 1.52736128e-04 -2.47741864e-03  1.52736128e-04  0.00000000e+00 
 1.52789646e-04  1.58114309e-04  1.52789646e-04  0.00000000e+00 
 1.52839026e-04  1.59144176e-03  1.52839026e-04  0.00000000e+00 
 1.52895275e-04  1.88729802e-03  1.52895275e-04  0.00000000e+00 
 1.52946500e-04  1.30225268e-03  1.52946500e-04  0.00000000e+00 
 1.52997506e-04  4.60521333e-04  1.52997506e-04  0.00000000e+00 
 1.53052872e-04 -2.62376726e-04  1.53052872e-04  0.00000000e+00 
 1.53104404e-04 -5.62107525e-04  1.53104404e-04  0.00000000e+00 
 1.53152951e-04 -5.33485184e-04  1.53152951e-04  0.00000000e+00 
 1.53208837e-04 -2.95580710e-04  1.53208837e-04  0.00000000e+00 
 1.53260587e-04 -4.29801984e-05  1.53260587e-04  0.00000000e+00 
 1.53311144e-04  1.24455762e-04  1.53311144e-04  0.00000000e+00 
 1.53363835e-04  1.81835024e-04  1.53363835e-04  0.00000000e+00 
 1.53412704e-04  1.49493955e-04  1.53412704e-04  0.00000000e+00 
 1.53463652e-04  7.52460476e-05  1.53463652e-04  0.00000000e+00 
 1.53517043e-04  4.30134316e-07  1.53517043e-04  0.00000000e+00 
 1.53566548e-04 -4.11021763e-05  1.53566548e-04  0.00000000e+00 
 1.53622242e-04 -5.04808706e-05  1.53622242e-04  0.00000000e+00 
 1.53673105e-04 -3.48330450e-05  1.53673105e-04  0.00000000e+00 
 1.53723760e-04 -1.14546023e-05  1.53723760e-04  0.00000000e+00 
 1.53778799e-04  9.10274596e-06  1.53778799e-04  0.00000000e+00 
 1.53829894e-04  1.79617315e-05  1.53829894e-04  0.00000000e+00 
 1.53880767e-04  1.73648391e-05  1.53880767e-04  0.00000000e+00 
 1.53932991e-04  1.10809880e-05  1.53932991e-04  0.00000000e+00 
 1.53984824e-04  3.78141827e-06  1.53984824e-04  0.00000000e+00 
 1.54041825e-04 -1.70024056e-06  1.54041825e-04  0.00000000e+00 
 1.54095733e-04 -3.32098239e-06  1.54095733e-04  0.00000000e+00 
 1.54144133e-04 -2.40719932e-06  1.54144133e-04  0.00000000e+00 
 1.54192358e-04 -4.78832522e-07  1.54192358e-04  0.00000000e+00 
 1.54241631e-04  1.42242702e-06  1.54241631e-04  0.00000000e+00 
 1.54289841e-04  2.57089399e-06  1.54289841e-04  0.00000000e+00 
 1.54358841e-04  2.80895005e-06  1.54358841e-04  0.00000000e+00 
 1.54416638e-04  2.14843057e-06  1.54416638e-04  0.00000000e+00 
 1.54478048e-04  1.28470402e-06  1.54478048e-04  0.00000000e+00 
 1.54534528e-04  7.45481313e-07  1.54534528e-04  0.00000000e+00 
 1.54584586e-04  5.75642215e-07  1.54584586e-04  0.00000000e+00 
 1.54639686e-04  6.38709028e-07  1.54639686e-04  0.00000000e+00 
 1.54704950e-04  8.35413510e-07  1.54704950e-04  0.00000000e+00 
 1.54794068e-04  9.90773305e-07  1.54794068e-04  0.00000000e+00 
 1.54885226e-04  9.12645722e-07  1.54885226e-04  0.00000000e+00 
 1.54977520e-04  7.24150784e-07  1.54977520e-04  0.00000000e+00 
 1.55076799e-04  5.86263756e-07  1.55076799e-04  0.00000000e+00 
 1.55187716e-04  5.46360379e-07  1.55187716e-04  0.00000000e+00 
 1.55317904e-04  5.26344822e-07  1.55317904e-04  0.00000000e+00 
 1.55473588e-04  4.45944780e-07  1.55473588e-04  0.00000000e+00 
 1.55673588e-04  3.41254194e-07  1.55673588e-04  0.00000000e+00 
 1.55859532e-04  2.93686049e-07  1.55859532e-04  0.00000000e+00 
 1.56059532e-04  2.46556887e-07  1.56059532e-04  0.00000000e+00 
 1.56259532e-04  1.93882052e-07  1.56259532e-04  0.00000000e+00 
 1.56459532e-04  1.59626420e-07  1.56459532e-04  0.00000000e+00 
 1.56659532e-04  1.33802904e-07  1.56659532e-04  0.00000000e+00 
 1.56859532e-04  1.07393901e-07  1.56859532e-04  0.00000000e+00 
 1.57059532e-04  8.74069477e-08  1.57059532e-04  0.00000000e+00 
 1.57259532e-04  7.27285597e-08  1.57259532e-04  0.00000000e+00 
 1.57459532e-04  5.91111520e-08  1.57459532e-04  0.00000000e+00 
 1.57659532e-04  4.79896401e-08  1.57659532e-04  0.00000000e+00 
 1.57859532e-04  3.96385202e-08  1.57859532e-04  0.00000000e+00 
 1.58059532e-04  3.24194245e-08  1.58059532e-04  0.00000000e+00 
 1.58259532e-04  2.63545452e-08  1.58259532e-04  0.00000000e+00 
 1.58459532e-04  2.16543697e-08  1.58459532e-04  0.00000000e+00 
 1.58659532e-04  1.77514889e-08  1.58659532e-04  0.00000000e+00 
 1.58859532e-04  1.44634961e-08  1.58859532e-04  0.00000000e+00 
 1.59059532e-04  1.18480532e-08  1.59059532e-04  0.00000000e+00 
 1.59259532e-04  9.71518207e-09  1.59259532e-04  0.00000000e+00 
 1.59459532e-04  7.93131064e-09  1.59459532e-04  0.00000000e+00 
 1.59659532e-04  6.48800147e-09  1.59659532e-04  0.00000000e+00 
 1.59859532e-04  5.31723958e-09  1.59859532e-04  0.00000000e+00 
 1.60059532e-04  4.34659038e-09  1.60059532e-04  0.00000000e+00 
 1.60259532e-04  3.55406959e-09  1.60259532e-04  0.00000000e+00 
 1.60459532e-04  2.91082926e-09  1.60459532e-04  0.00000000e+00 
 1.60659532e-04  2.38115274e-09  1.60659532e-04  0.00000000e+00 
 1.60859532e-04  1.94704196e-09  1.60859532e-04  0.00000000e+00 
 1.61059532e-04  1.59383113e-09  1.61059532e-04  0.00000000e+00 
 1.61259532e-04  1.30419632e-09  1.61259532e-04  0.00000000e+00 
 1.61459532e-04  1.06661724e-09  1.61459532e-04  0.00000000e+00 
 1.61659532e-04  8.72842946e-10  1.61659532e-04  0.00000000e+00 
 1.61859532e-04  7.14279190e-10  1.61859532e-04  0.00000000e+00 
 1.62059532e-04  5.84268769e-10  1.62059532e-04  0.00000000e+00 
 1.62259532e-04  4.78045803e-10  1.62259532e-04  0.00000000e+00 
 1.62459532e-04  3.91191322e-10  1.62459532e-04  0.00000000e+00 
 1.62659532e-04  3.20030360e-10  1.62659532e-04  0.00000000e+00 
 1.62859532e-04  2.61831162e-10  1.62859532e-04  0.00000000e+00 
 1.63059532e-04  2.14248156e-10  1.63059532e-04  0.00000000e+00 
 1.63259532e-04  1.75288168e-10  1.63259532e-04  0.00000000e+00 
 1.63459532e-04  1.43409849e-10  1.63459532e-04  0.00000000e+00 
 1.63659532e-04  1.17341984e-10  1.63659532e-04  0.00000000e+00 
 1.63859532e-04  9.60074020e-11  1.63859532e-04  0.00000000e+00 
 1.64059532e-04  7.85482280e-11  1.64059532e-04  0.00000000e+00 
 1.64259532e-04  6.42682482e-11  1.64259532e-04  0.00000000e+00 
 1.64459532e-04  5.25839094e-11  1.64459532e-04  0.00000000e+00 
 1.64659532e-04  4.30220922e-11  1.64659532e-04  0.00000000e+00 
 1.64859532e-04  3.52000833e-11  1.64859532e-04  0.00000000e+00 
 1.65059532e-04  2.88005014e-11  1.65059532e-04  0.00000000e+00 
 1.65259532e-04  2.35637445e-11  1.65259532e-04  0.00000000e+00 
 1.65459532e-04  1.92793798e-11  1.65459532e-04  0.00000000e+00 
 1.65659532e-04  1.57742082e-11  1.65659532e-04  0.00000000e+00 
 1.65859532e-04  1.29061101e-11  1.65859532e-04  0.00000000e+00 
 1.66059532e-04  1.05594972e-11  1.66059532e-04  0.00000000e+00 
 1.66259532e-04  8.63964300e-12  1.66259532e-04  0.00000000e+00 
 1.66459532e-04  7.06879550e-12  1.66459532e-04  0.00000000e+00 
 1.66659532e-04  5.78353737e-12  1.66659532e-04  0.00000000e+00 
 1.66859532e-04  4.73199919e-12  1.66859532e-04  0.00000000e+00 
 1.67059532e-04  3.87164020e-12  1.67059532e-04  0.00000000e+00 
 1.67259532e-04  3.16769747e-12  1.67259532e-04  0.00000000e+00 
 1.67459532e-04  2.59175508e-12  1.67459532e-04  0.00000000e+00 
 1.67659532e-04  2.12052992e-12  1.67659532e-04  0.00000000e+00 
 1.67859532e-04  1.73497668e-12  1.67859532e-04  0.00000000e+00 
 1.68059532e-04  1.41952646e-12  1.68059532e-04  0.00000000e+00 
 1.68259532e-04  1.16143208e-12  1.68259532e-04  0.00000000e+00 
 1.68459532e-04  9.50262125e-13  1.68459532e-04  0.00000000e+00 
 1.68659532e-04  7.77486994e-13  1.68659532e-04  0.00000000e+00 
 1.68859532e-04  6.36126205e-13  1.68859532e-04  0.00000000e+00 
 1.69059532e-04  5.20466871e-13  1.69059532e-04  0.00000000e+00 
 1.69259532e-04  4.25836417e-13  1.69259532e-04  0.00000000e+00 
 1.69459532e-04  3.48411766e-13  1.69459532e-04  0.00000000e+00 
 1.69659532e-04  2.85064217e-13  1.69659532e-04  0.00000000e+00 
 1.69859532e-04  2.33234321e-13  1.69859532e-04  0.00000000e+00 
 1.70059532e-04  1.90828125e-13  1.70059532e-04  0.00000000e+00 
 1.70259532e-04  1.56132136e-13  1.70259532e-04  0.00000000e+00 
 1.70459532e-04  1.27744468e-13  1.70459532e-04  0.00000000e+00 
 1.70659532e-04  1.04518213e-13  1.70659532e-04  0.00000000e+00 
 1.70859532e-04  8.55149193e-14  1.70859532e-04  0.00000000e+00 
 1.71059532e-04  6.99667541e-14  1.71059532e-04  0.00000000e+00 
 1.71259532e-04  5.72455306e-14  1.71259532e-04  0.00000000e+00 
 1.71459532e-04  4.68372603e-14  1.71459532e-04  0.00000000e+00 
 1.71659532e-04  3.83213978e-14  1.71659532e-04  0.00000000e+00 
 1.71859532e-04  3.13538732e-14  1.71859532e-04  0.00000000e+00 
 1.72059532e-04  2.56531725e-14  1.72059532e-04  0.00000000e+00 
 1.72259532e-04  2.09889615e-14  1.72259532e-04  0.00000000e+00 
 1.72459532e-04  1.71727880e-14  1.72459532e-04  0.00000000e+00 
 1.72659532e-04  1.40504646e-14  1.72659532e-04  0.00000000e+00 
 1.72859532e-04  1.14958360e-14  1.72859532e-04  0.00000000e+00 
 1.73059532e-04  9.40568478e-15  1.73059532e-04  0.00000000e+00 
 1.73259532e-04  7.69556110e-15  1.73259532e-04  0.00000000e+00 
 1.73459532e-04  6.29636888e-15  1.73459532e-04  0.00000000e+00 
 1.73659532e-04  5.15157503e-15  1.73659532e-04  0.00000000e+00 
 1.73859532e-04  4.21492545e-15  1.73859532e-04  0.00000000e+00 
 1.74059532e-04  3.44857575e-15  1.74059532e-04  0.00000000e+00 
 1.74259532e-04  2.82156226e-15  1.74259532e-04  0.00000000e+00 
 1.74459532e-04  2.30855117e-15  1.74459532e-04  0.00000000e+00 
 1.74659532e-04  1.88881480e-15  1.74659532e-04  0.00000000e+00 
 1.74859532e-04  1.54539408e-15  1.74859532e-04  0.00000000e+00 
 1.75059532e-04  1.26441347e-15  1.75059532e-04  0.00000000e+00 
 1.75259532e-04  1.03452022e-15  1.75259532e-04  0.00000000e+00 
 1.75459532e-04  8.46425721e-16  1.75459532e-04  0.00000000e+00 
 1.75659532e-04  6.92530206e-16  1.75659532e-04  0.00000000e+00 
 1.75859532e-04  5.66615682e-16  1.75859532e-04  0.00000000e+00 
 1.76059532e-04  4.63594697e-16  1.76059532e-04  0.00000000e+00 
 1.76259532e-04  3.79304791e-16  1.76259532e-04  0.00000000e+00 
 1.76459532e-04  3.10340315e-16  1.76459532e-04  0.00000000e+00 
 1.76659532e-04  2.53914830e-16  1.76659532e-04  0.00000000e+00 
 1.76859532e-04  2.07748519e-16  1.76859532e-04  0.00000000e+00 
 1.77059532e-04  1.69976078e-16  1.77059532e-04  0.00000000e+00 
 1.77259532e-04  1.39071351e-16  1.77259532e-04  0.00000000e+00 
 1.77459532e-04  1.13785663e-16  1.77459532e-04  0.00000000e+00 
 1.77659532e-04  9.30973699e-17  1.77659532e-04  0.00000000e+00 
 1.77859532e-04  7.61705832e-17  1.77859532e-04  0.00000000e+00 
 1.78059532e-04  6.23213927e-17  1.78059532e-04  0.00000000e+00 
 1.78259532e-04  5.09902357e-17  1.78259532e-04  0.00000000e+00 
 1.78459532e-04  4.17192880e-17  1.78459532e-04  0.00000000e+00 
 1.78659532e-04  3.41339665e-17  1.78659532e-04  0.00000000e+00 
 1.78859532e-04  2.79277936e-17  1.78859532e-04  0.00000000e+00 
 1.79059532e-04  2.28500153e-17  1.79059532e-04  0.00000000e+00 
 1.79259532e-04  1.86954690e-17  1.79259532e-04  0.00000000e+00 
 1.79459532e-04  1.52962944e-17  1.79459532e-04  0.00000000e+00 
 1.79659532e-04  1.25151513e-17  1.79659532e-04  0.00000000e+00 
 1.79859532e-04  1.02396703e-17  1.79859532e-04  0.00000000e+00 
 1.80059532e-04  8.37791290e-18  1.80059532e-04  0.00000000e+00 
 1.80259532e-04  6.85465672e-18  1.80259532e-04  0.00000000e+00 
 1.80459532e-04  5.60835607e-18  1.80459532e-04  0.00000000e+00 
 1.80659532e-04  4.58865544e-18  1.80659532e-04  0.00000000e+00 
 1.80859532e-04  3.75435484e-18  1.80859532e-04  0.00000000e+00 
 1.81059532e-04  3.07174519e-18  1.81059532e-04  0.00000000e+00 
 1.81259532e-04  2.51324632e-18  1.81259532e-04  0.00000000e+00 
 1.81459532e-04  2.05629266e-18  1.81459532e-04  0.00000000e+00 
 1.81659532e-04  1.68242144e-18  1.81659532e-04  0.00000000e+00 
 1.81859532e-04  1.37652677e-18  1.81859532e-04  0.00000000e+00 
 1.82059532e-04  1.12624929e-18  1.82059532e-04  0.00000000e+00 
 1.82259532e-04  9.21476790e-19  1.82259532e-04  0.00000000e+00 
 1.82459532e-04  7.53935633e-19  1.82459532e-04  0.00000000e+00 
 1.82659532e-04  6.16856491e-19  1.82659532e-04  0.00000000e+00 
 1.82859532e-04  5.04700817e-19  1.82859532e-04  0.00000000e+00 
 1.83059532e-04  4.12937075e-19  1.83059532e-04  0.00000000e+00 
 1.83259532e-04  3.37857642e-19  1.83259532e-04  0.00000000e+00 
 1.83459532e-04  2.76429008e-19  1.83459532e-04  0.00000000e+00 
 1.83659532e-04  2.26169212e-19  1.83659532e-04  0.00000000e+00 
 1.83859532e-04  1.85047556e-19  1.83859532e-04  0.00000000e+00 
 1.84059532e-04  1.51402561e-19  1.84059532e-04  0.00000000e+00 
 1.84259532e-04  1.23874836e-19  1.84259532e-04  0.00000000e+00 
 1.84459532e-04  1.01352149e-19  1.84459532e-04  0.00000000e+00 
 1.84659532e-04  8.29244939e-20  1.84659532e-04  0.00000000e+00 
 1.84859532e-04  6.78473202e-20  1.84859532e-04  0.00000000e+00 
 1.85059532e-04  5.55114496e-20  1.85059532e-04  0.00000000e+00 
 1.85259532e-04  4.54184634e-20  1.85259532e-04  0.00000000e+00 
 1.85459532e-04  3.71605648e-20  1.85459532e-04  0.00000000e+00 
 1.85659532e-04  3.04041016e-20  1.85659532e-04  0.00000000e+00 
 1.85859532e-04  2.48760857e-20  1.85859532e-04  0.00000000e+00 
 1.86059532e-04  2.03531631e-20  1.86059532e-04  0.00000000e+00 
 1.86259532e-04  1.66525897e-20  1.86259532e-04  0.00000000e+00 
 1.86459532e-04  1.36248476e-20  1.86459532e-04  0.00000000e+00 
 1.86659532e-04  1.11476037e-20  1.86659532e-04  0.00000000e+00 
 1.86859532e-04  9.12076760e-21  1.86859532e-04  0.00000000e+00 
 1.87059532e-04  7.46244699e-21  1.87059532e-04  0.00000000e+00 
 1.87259532e-04  6.10563907e-21  1.87259532e-04  0.00000000e+00 
 1.87459532e-04  4.99552339e-21  1.87459532e-04  0.00000000e+00 
 1.87659532e-04  4.08724684e-21  1.87659532e-04  0.00000000e+00 
 1.87859532e-04  3.34411139e-21  1.87859532e-04  0.00000000e+00 
 1.88059532e-04  2.73609142e-21  1.88059532e-04  0.00000000e+00 
 1.88259532e-04  2.23862048e-21  1.88259532e-04  0.00000000e+00 
 1.88459532e-04  1.83159877e-21  1.88459532e-04  0.00000000e+00 
 1.88659532e-04  1.49858096e-21  1.88659532e-04  0.00000000e+00 
 1.88859532e-04  1.22611182e-21  1.88859532e-04  0.00000000e+00 
 1.89059532e-04  1.00318251e-21  1.89059532e-04  0.00000000e+00 
 1.89259532e-04  8.20785771e-22  1.89259532e-04  0.00000000e+00 
 1.89459532e-04  6.71552064e-22  1.89459532e-04  0.00000000e+00 
 1.89659532e-04  5.49451745e-22  1.89659532e-04  0.00000000e+00 
 1.89859532e-04  4.49551474e-22  1.89859532e-04  0.00000000e+00 
 1.90059532e-04  3.67814880e-22  1.90059532e-04  0.00000000e+00 
 1.90259532e-04  3.00939479e-22  1.90259532e-04  0.00000000e+00 
 1.90459532e-04  2.46223235e-22  1.90459532e-04  0.00000000e+00 
 1.90659532e-04  2.01455395e-22  1.90659532e-04  0.00000000e+00 
 1.90859532e-04  1.64827158e-22  1.90859532e-04  0.00000000e+00 
 1.91059532e-04  1.34858598e-22  1.91059532e-04  0.00000000e+00 
 1.91259532e-04  1.10338864e-22  1.91259532e-04  0.00000000e+00 
 1.91459532e-04  9.02772620e-23  1.91459532e-04  0.00000000e+00 
 1.91659532e-04  7.38632220e-23  1.91659532e-04  0.00000000e+00 
 1.91859532e-04  6.04335515e-23  1.91859532e-04  0.00000000e+00 
 1.92059532e-04  4.94456381e-23  1.92059532e-04  0.00000000e+00 
 1.92259532e-04  4.04555263e-23  1.92259532e-04  0.00000000e+00 
 1.92459532e-04  3.30999795e-23  1.92459532e-04  0.00000000e+00 
 1.92659532e-04  2.70818042e-23  1.92659532e-04  0.00000000e+00 
 1.92859532e-04  2.21578421e-23  1.92859532e-04  0.00000000e+00 
 1.93059532e-04  1.81291454e-23  1.93059532e-04  0.00000000e+00 
 1.93259532e-04  1.48329387e-23  1.93259532e-04  0.00000000e+00 
 1.93459532e-04  1.21360420e-23  1.93459532e-04  0.00000000e+00 
 1.93659532e-04  9.92948991e-24  1.93659532e-04  0.00000000e+00 
 1.93859532e-04  8.12412895e-24  1.93859532e-04  0.00000000e+00 
 1.94059532e-04  6.64701528e-24  1.94059532e-04  0.00000000e+00 
 1.94259532e-04  5.43846761e-24  1.94259532e-04  0.00000000e+00 
 1.94459532e-04  4.44965577e-24  1.94459532e-04  0.00000000e+00 
 1.94659532e-04  3.64062783e-24  1.94659532e-04  0.00000000e+00 
 1.94859532e-04  2.97869580e-24  1.94859532e-04  0.00000000e+00 
 1.95059532e-04  2.43711500e-24  1.95059532e-04  0.00000000e+00 
 1.95259532e-04  1.99400339e-24  1.95259532e-04  0.00000000e+00 
 1.95459532e-04  1.63145748e-24  1.95459532e-04  0.00000000e+00 
 1.95659532e-04  1.33482899e-24  1.95659532e-04  0.00000000e+00 
 1.95859532e-04  1.09213292e-24  1.95859532e-04  0.00000000e+00 
 1.96059532e-04  8.93563392e-25  1.96059532e-04  0.00000000e+00 
 1.96259532e-04  7.31097396e-25  1.96259532e-04  0.00000000e+00 
 1.96459532e-04  5.98170658e-25  1.96459532e-04  0.00000000e+00 
 1.96659532e-04  4.89412407e-25  1.96659532e-04  0.00000000e+00 
 1.96859532e-04  4.00428375e-25  1.96859532e-04  0.00000000e+00 
 1.97059532e-04  3.27623249e-25  1.97059532e-04  0.00000000e+00 
 1.97259532e-04  2.68055413e-25  1.97259532e-04  0.00000000e+00 
 1.97459532e-04  2.19318088e-25  1.97459532e-04  0.00000000e+00 
 1.97659532e-04  1.79442091e-25  1.97659532e-04  0.00000000e+00 
 1.97859532e-04  1.46816271e-25  1.97859532e-04  0.00000000e+00 
 1.98059532e-04  1.20122416e-25  1.98059532e-04  0.00000000e+00 
 1.98259532e-04  9.82819869e-26  1.98259532e-04  0.00000000e+00 
 1.98459532e-04  8.04125431e-26  1.98459532e-04  0.00000000e+00 
 1.98659532e-04  6.57920875e-26  1.98659532e-04  0.00000000e+00 
 1.98859532e-04  5.38298953e-26  1.98859532e-04  0.00000000e+00 
 1.99059532e-04  4.40426462e-26  1.99059532e-04  0.00000000e+00 
 1.99259532e-04  3.60348960e-26  1.99259532e-04  0.00000000e+00 
 1.99459532e-04  2.94830998e-26  1.99459532e-04  0.00000000e+00 
 1.99659532e-04  2.41225387e-26  1.99659532e-04  0.00000000e+00 
 1.99829766e-04  2.03381735e-26  1.99829766e-04  0.00000000e+00 
 2.00000000e-04  1.71475029e-26  2.00000000e-04  0.00000000e+00 
